23 181 94 27 38 38 236 59 4 30 246 16 26 41 89 44 163 253 222 111 219 246 93 237 217 158 57 100 14 240 188 206 24 90 81 144 218 67 107 116 62 119 108 49 28 205 153 105 244 101 186 6 62 91 35 217 46 234 209 4 74 82 28 161 239 93 25 255 161 13 164 119 95 232 55 65 121 133 202 194 155 93 227 5 169 58 58 62 17 39 251 36 118 79 253 222 221 29 102 157 164 226 237 109 251 97 182 237 104 83 83 89 230 77 79 215 215 235 230 37 112 101 228 166 71 253 7 108 217 13 18 79 237 39 182 117 140 191 116 102 19 4 77 154 102 23 125 190 187 217 19 230 83 117 65 171 231 90 125 62 
227 116 231 202 201 56 166 100 237 175 237 222 197 229 76 183 101 23 80 199 108 181 221 157 60 58 153 75 221 18 237 18 117 248 75 114 53 122 56 151 157 166 58 218 121 193 97 187 198 193 109 29 117 109 119 142 167 243 61 218 221 63 75 153 141 89 186 118 115 53 74 104 89 220 30 111 115 245 230 97 234 77 157 234 110 23 125 10 82 145 157 250 140 99 163 26 238 102 77 243 117 245 184 30 190 66 196 142 37 217 155 249 180 135 11 142 174 109 61 182 134 113 219 113 148 20 244 210 184 173 90 44 135 245 163 229 217 28 23 64 252 110 190 120 81 151 224 89 122 147 183 32 72 180 238 158 219 215 27 217 
186 71 196 29 209 156 185 183 166 208 221 8 109 58 89 13 114 109 122 68 22 209 129 235 255 218 93 75 114 6 39 155 157 94 116 233 41 13 63 203 22 197 244 63 173 135 117 105 54 238 155 92 62 195 214 117 237 171 238 233 158 189 181 220 93 167 72 173 63 24 97 222 228 41 217 113 202 199 217 217 45 181 220 26 20 97 147 53 180 25 54 233 234 229 73 119 220 78 141 206 41 205 72 91 140 244 110 174 165 188 29 228 186 76 141 150 72 197 23 226 237 224 78 251 103 166 226 67 25 184 236 92 116 218 218 201 14 237 129 102 77 43 44 22 122 51 94 100 135 172 69 29 121 6 217 54 254 166 101 166 
108 104 232 185 90 59 19 142 211 172 141 109 246 46 89 211 142 245 253 74 150 234 195 182 23 90 65 77 115 220 237 209 62 234 254 152 110 237 167 55 1 173 15 110 216 164 234 74 93 106 217 158 180 14 109 224 83 113 9 246 243 203 118 215 101 91 179 54 110 150 172 233 176 155 163 109 204 229 132 238 141 90 99 76 217 177 242 67 117 94 133 231 134 244 172 117 219 184 172 36 103 225 4 172 101 197 221 38 157 27 199 82 73 255 221 90 105 55 238 103 125 183 99 102 217 236 29 102 117 224 217 208 101 108 237 210 11 99 65 41 161 215 93 233 53 83 47 143 110 239 219 186 68 217 73 227 184 155 112 89 
82 59 214 214 93 235 156 24 97 144 246 220 145 49 230 249 137 237 5 151 166 187 245 93 140 79 190 107 6 54 36 18 193 93 171 59 246 36 94 219 102 203 166 73 220 7 200 61 154 88 33 200 154 206 154 246 245 176 65 178 122 66 47 37 154 83 247 135 35 38 241 141 222 203 110 186 102 227 37 113 101 133 161 147 55 215 146 92 47 76 110 51 205 154 100 161 53 208 155 179 172 125 13 179 214 197 210 238 105 108 50 58 165 62 121 91 157 7 244 102 67 158 144 183 89 202 117 206 236 229 130 251 74 102 217 152 227 113 233 228 158 79 45 103 109 190 38 240 186 222 11 140 163 166 123 250 249 164 226 238 
36 111 73 152 91 109 12 62 37 211 129 214 70 51 93 169 238 110 251 224 97 226 203 233 233 55 125 229 27 123 190 201 166 94 51 186 173 160 215 64 166 218 77 90 41 180 20 91 55 121 145 176 187 141 219 187 56 105 185 230 67 104 230 105 220 225 155 19 147 229 249 149 184 193 176 75 220 102 26 120 145 59 18 225 167 93 208 201 43 106 244 225 197 120 74 228 147 173 122 58 102 115 167 250 225 117 244 249 8 81 134 19 205 176 150 208 110 149 211 89 61 163 153 156 52 154 114 91 239 104 130 205 144 164 181 188 156 103 219 209 220 246 78 222 28 104 89 142 73 171 92 25 58 90 248 100 188 97 50 102 
186 92 60 75 56 102 190 154 235 20 151 251 192 110 94 234 192 94 189 122 166 219 174 110 140 250 79 109 249 202 116 218 114 94 203 83 215 128 104 109 173 26 120 197 171 191 77 178 226 245 251 181 119 19 182 100 204 154 245 90 137 235 75 127 94 60 92 125 229 214 117 218 225 90 211 83 228 181 165 205 133 187 145 182 215 48 233 5 210 57 222 114 25 218 67 99 157 160 53 161 111 164 119 27 115 93 89 195 225 135 173 3 127 186 196 26 246 122 25 100 155 119 93 81 48 70 77 188 38 22 129 153 220 40 239 154 119 174 152 241 101 148 83 233 205 123 221 56 118 79 57 37 140 91 100 201 235 230 220 16 
188 207 93 174 77 214 82 181 249 216 157 254 68 203 77 169 28 64 93 104 68 64 97 180 157 214 202 10 120 234 142 244 244 102 39 41 113 157 186 148 89 7 132 177 247 163 78 116 155 230 253 165 203 222 91 175 202 37 236 125 250 248 101 104 77 81 165 202 196 219 129 208 110 101 237 9 19 33 163 41 97 181 254 184 184 104 122 166 247 48 132 55 161 163 123 237 133 233 93 123 110 80 69 153 51 163 219 230 215 155 180 83 24 97 35 100 225 9 166 233 179 94 134 192 103 232 186 97 122 99 218 110 184 16 231 54 80 129 137 254 243 66 236 209 237 102 122 233 52 146 104 81 232 108 242 215 230 228 152 206 
169 165 205 92 245 153 4 221 210 123 216 107 116 247 116 201 36 215 217 231 193 109 109 229 175 227 226 198 117 187 140 121 5 185 110 29 190 231 234 240 46 155 147 111 183 237 210 65 214 203 66 223 226 69 189 60 151 197 153 54 16 144 121 169 157 208 163 3 118 88 157 13 100 100 90 67 188 196 89 206 229 174 73 243 132 109 232 14 210 148 149 177 155 10 105 208 205 231 118 185 22 83 183 158 38 53 252 164 218 115 105 80 110 61 221 132 36 158 61 106 181 153 11 208 56 101 211 41 221 116 117 165 123 16 119 92 134 119 230 226 108 101 115 61 218 113 24 149 234 115 59 232 82 210 231 109 169 197 173 80 
66 82 253 104 217 228 225 183 9 134 14 38 90 82 190 146 29 232 201 134 71 29 146 154 233 56 205 78 53 109 226 108 149 186 101 135 142 202 113 140 1 157 250 163 218 37 214 220 158 102 51 237 215 104 69 181 238 132 150 208 119 177 9 239 35 105 154 201 234 127 46 57 188 231 78 110 24 67 129 154 155 146 54 80 209 55 147 107 218 249 113 255 204 94 185 233 82 108 218 107 119 190 145 220 109 46 30 189 89 12 176 89 72 93 246 197 4 94 189 116 32 22 103 211 52 218 245 163 91 175 204 166 223 120 80 90 91 235 244 122 176 64 208 97 246 70 22 107 78 233 196 157 232 112 187 46 78 167 190 87 
217 230 108 33 231 189 156 218 251 133 55 230 217 18 238 57 169 229 116 158 193 237 196 145 166 74 214 89 234 212 225 165 183 90 193 236 49 166 221 157 104 78 135 142 238 73 253 198 104 239 232 89 187 80 93 232 92 164 156 211 199 94 216 206 154 27 190 53 202 65 201 140 22 109 231 220 132 82 206 182 44 104 26 122 75 102 112 246 57 197 75 93 52 203 108 92 45 166 45 230 181 250 14 109 157 172 185 179 145 49 25 186 145 29 75 189 28 69 206 193 182 196 51 235 155 62 167 221 153 222 9 83 191 200 116 166 158 221 132 197 122 112 80 65 27 4 93 157 234 250 153 48 218 92 166 220 214 245 149 10 
108 241 205 238 221 149 241 20 234 89 69 91 165 28 74 115 199 185 253 216 153 99 141 109 239 237 117 198 78 242 15 154 127 108 29 92 94 217 244 101 208 100 200 117 133 218 5 156 92 225 107 107 4 110 118 201 137 226 227 146 196 56 55 111 122 36 165 166 228 24 27 149 155 216 182 216 67 199 182 204 151 228 59 199 118 82 237 180 76 70 187 251 116 142 246 52 61 104 154 73 83 225 39 37 238 167 109 52 211 215 95 103 104 232 77 44 239 164 219 218 178 29 52 181 252 75 172 101 175 74 210 92 101 65 157 132 188 246 235 254 181 83 103 67 209 61 119 53 97 216 134 30 26 248 104 29 142 134 119 22 
137 58 78 9 74 94 249 184 51 82 6 196 51 121 232 198 118 228 184 150 116 38 109 48 218 205 230 36 108 33 11 146 107 229 123 206 246 158 61 219 197 210 222 99 129 107 100 154 122 217 244 46 201 109 18 104 74 49 154 66 120 182 74 28 120 219 164 180 209 52 52 103 26 48 75 202 107 157 17 216 129 37 217 167 199 22 233 91 53 165 110 18 110 225 9 58 204 29 171 238 93 234 218 105 216 64 244 108 72 172 27 131 10 94 51 18 182 29 180 89 246 99 193 142 26 94 181 231 119 31 41 187 13 25 186 173 184 202 12 82 171 29 184 4 235 83 111 135 215 133 236 67 78 105 5 217 78 110 48 182 
5 153 89 90 123 225 141 215 195 99 29 59 113 205 201 150 104 220 222 106 141 153 52 221 107 107 172 197 222 134 125 56 77 182 112 166 148 224 95 81 27 226 228 74 78 54 187 59 38 104 73 59 186 120 219 122 120 78 242 87 102 238 232 230 247 58 8 221 109 163 129 172 153 107 55 205 144 215 22 227 133 232 113 180 226 119 189 115 241 154 13 109 166 220 140 158 35 25 26 86 73 154 220 240 82 12 73 77 141 133 229 204 140 154 107 149 58 93 214 241 182 47 182 113 244 90 92 203 221 158 57 141 133 251 179 184 215 89 113 53 202 228 7 104 186 235 246 79 197 82 121 193 215 157 45 82 83 203 186 71 
154 248 227 253 157 5 109 3 186 106 197 152 150 202 125 217 233 12 67 163 13 253 229 26 100 129 61 111 248 165 147 45 234 203 33 46 220 6 219 165 95 218 93 121 181 75 60 131 18 103 94 239 94 147 100 191 190 65 153 113 137 135 5 161 151 142 27 254 39 217 78 116 147 224 164 180 29 230 121 248 5 235 67 161 110 142 6 109 188 111 18 218 210 226 251 111 120 99 228 82 161 234 94 23 22 193 94 189 27 78 122 238 92 7 183 186 82 110 91 160 75 189 129 131 66 17 183 232 89 226 92 218 75 72 253 184 81 177 206 102 183 33 158 231 227 204 166 233 245 216 235 116 142 55 83 229 104 83 183 147 
108 94 15 122 151 233 142 54 78 118 56 58 156 161 208 101 30 150 219 226 135 22 115 199 76 41 197 154 215 231 196 57 185 214 122 149 13 59 93 48 203 246 122 22 199 66 224 102 123 152 155 12 165 229 1 190 74 54 65 191 107 247 94 43 217 46 196 206 89 61 249 41 220 143 174 158 206 219 157 46 97 122 114 209 253 83 245 164 172 242 186 229 3 158 149 219 177 173 60 197 196 241 244 167 38 81 146 247 222 152 43 184 237 164 252 217 118 51 107 174 108 83 11 234 214 122 111 109 54 55 189 81 237 175 119 186 68 155 228 71 206 115 43 61 248 157 129 110 89 181 140 254 93 230 57 1 81 169 221 173 
252 233 72 222 153 13 59 153 134 210 143 248 151 233 152 165 216 222 244 248 52 91 205 154 92 14 197 107 231 118 99 123 6 92 141 33 110 245 163 117 94 221 204 181 173 231 189 67 184 161 92 219 104 25 229 140 164 57 181 120 81 161 154 120 55 16 75 1 234 208 185 199 111 123 1 174 232 59 233 218 198 218 69 177 217 247 53 149 222 214 144 237 248 12 217 228 142 182 66 105 14 94 81 172 230 57 180 16 246 107 5 152 209 181 236 254 173 186 236 114 216 155 110 116 220 202 229 79 234 68 246 182 94 218 83 143 241 36 18 71 158 153 24 118 233 155 46 115 63 17 171 60 74 111 194 194 230 27 133 100 
137 26 120 187 1 179 186 94 58 64 113 220 29 173 222 158 222 38 45 201 165 211 37 146 78 246 182 240 75 232 105 19 101 131 77 165 220 97 186 113 214 66 122 108 248 246 125 193 169 247 101 28 23 109 156 218 77 7 131 102 74 23 119 118 234 76 218 116 7 91 218 97 53 210 91 76 185 4 4 218 207 238 241 152 221 148 94 105 228 133 71 147 93 161 10 243 54 89 166 195 189 230 190 191 90 230 249 156 240 229 22 237 219 222 74 66 92 144 224 153 76 93 202 16 161 221 37 115 184 89 82 10 239 103 90 83 123 56 167 197 27 79 92 94 217 211 73 82 97 248 163 107 102 103 236 108 185 141 193 164 
145 175 219 116 97 18 127 52 104 172 177 215 78 132 221 181 252 229 174 57 217 250 163 161 238 140 43 38 217 222 150 247 185 169 240 180 111 163 199 245 104 125 44 133 246 183 244 203 107 109 206 235 233 231 174 127 134 61 103 106 29 118 245 230 66 118 184 103 185 103 119 10 30 65 33 29 147 116 142 100 198 248 153 140 24 100 237 230 232 82 1 228 156 41 201 222 116 155 57 146 103 5 180 133 175 13 165 188 119 199 73 105 140 161 141 97 206 1 174 247 172 181 109 164 122 196 14 225 36 64 178 30 114 77 56 186 24 114 97 18 89 189 118 194 205 166 64 253 250 86 210 82 221 153 156 104 110 103 214 237 
22 73 241 227 237 74 55 185 178 238 70 67 250 247 163 101 107 14 122 20 114 245 161 229 78 16 151 166 90 227 49 146 198 123 55 55 185 221 133 107 231 185 5 156 219 146 150 240 189 230 89 224 51 38 229 146 16 83 229 235 191 166 65 53 186 52 68 101 244 26 44 211 197 57 105 216 229 250 211 234 216 93 184 146 194 111 120 110 102 59 176 65 6 218 208 22 224 174 182 101 113 220 154 116 71 26 249 55 161 75 45 220 174 58 89 169 73 8 208 236 157 97 135 244 246 77 230 219 178 248 219 205 28 38 110 202 37 245 172 174 119 190 158 205 25 155 104 216 183 227 233 219 7 154 110 206 187 35 93 147 
235 4 57 233 19 237 167 81 190 24 201 184 219 118 22 122 9 121 248 121 20 79 175 47 77 122 111 152 121 198 233 91 52 234 73 166 235 131 223 108 122 173 183 11 193 26 109 141 158 90 5 151 232 100 197 18 58 68 115 214 22 107 247 30 242 72 221 80 210 233 93 247 112 155 254 222 100 161 18 69 94 35 37 180 49 13 217 97 24 72 142 150 234 216 150 101 254 61 152 182 231 43 229 131 25 190 229 244 115 93 144 77 249 104 94 226 71 14 25 50 197 29 217 150 210 108 238 28 133 63 175 219 120 164 48 100 22 235 58 107 118 97 235 251 53 89 122 89 197 3 228 52 82 82 61 51 157 94 121 130 
13 199 83 189 158 38 121 167 188 68 254 91 210 81 45 101 189 177 247 206 16 25 97 54 198 195 234 216 237 218 48 246 93 114 23 6 26 113 219 161 95 82 58 229 186 107 30 188 100 226 197 172 183 220 43 104 239 108 150 229 221 33 249 137 135 222 221 6 90 123 186 200 233 137 185 22 204 157 12 172 146 97 46 203 230 217 27 55 118 192 172 196 173 16 233 154 209 243 122 158 122 57 102 233 210 237 94 108 115 247 39 174 100 80 252 179 166 219 219 54 129 177 227 118 109 64 233 185 27 112 75 54 110 90 61 29 202 217 66 69 121 90 72 66 70 92 108 183 211 83 140 61 93 22 66 100 60 147 234 122 
73 161 144 157 107 57 195 186 218 117 246 116 158 121 204 57 17 36 99 110 112 149 199 249 167 48 194 90 93 165 91 93 166 81 188 77 171 215 219 107 25 173 236 39 78 53 190 91 218 205 62 22 76 238 186 117 94 196 230 53 210 145 221 238 83 23 59 102 201 11 190 30 185 38 225 80 217 240 187 201 116 56 244 249 104 61 101 90 120 95 188 73 26 253 245 229 228 80 185 29 61 253 122 214 238 217 41 185 1 39 201 90 225 62 108 156 222 97 143 163 189 132 216 244 226 227 100 154 102 57 157 177 188 70 93 204 182 64 94 74 110 83 230 245 200 71 135 112 83 86 153 92 244 250 246 75 161 175 66 217 
153 144 68 46 58 110 59 216 208 181 67 237 102 54 210 229 211 115 97 164 175 90 232 166 238 75 253 3 94 83 253 137 231 101 135 16 75 122 99 211 92 119 11 43 182 210 36 217 230 86 23 11 118 221 75 228 45 163 72 117 179 97 180 229 221 83 150 202 93 230 133 101 215 186 4 216 117 209 160 22 174 249 249 171 52 79 122 231 102 180 73 91 240 215 216 94 180 221 51 106 82 115 238 183 142 94 228 69 104 142 140 75 74 59 38 116 191 234 74 104 77 177 229 250 103 29 27 25 123 148 81 135 222 247 59 245 135 163 94 149 167 81 174 117 240 152 206 104 225 155 167 201 205 110 148 193 56 118 91 172 
185 73 123 116 218 247 7 186 167 66 155 175 164 193 154 227 228 82 148 220 221 249 150 114 245 113 182 29 115 50 76 249 175 75 110 150 210 235 107 93 117 161 123 64 102 220 197 154 231 53 190 250 205 189 201 47 164 165 109 131 201 178 51 67 118 39 215 190 90 90 163 221 204 101 49 149 5 198 231 37 129 46 7 121 122 100 254 108 102 97 175 228 107 235 101 23 26 92 121 236 101 72 208 232 181 72 28 221 184 97 135 25 224 74 99 74 248 180 150 80 101 119 52 158 5 152 94 35 6 76 104 81 174 14 82 77 177 202 118 153 81 38 188 110 199 104 197 234 113 180 59 55 230 109 132 93 134 66 29 74 
182 238 19 109 154 229 245 230 107 155 29 109 169 227 250 206 114 81 231 59 210 155 164 111 229 181 143 215 62 77 228 36 53 185 135 121 255 237 229 109 140 122 40 118 114 111 142 146 150 100 117 157 245 244 56 210 208 102 99 151 137 99 115 189 173 157 7 155 210 232 71 237 27 95 238 19 82 100 121 187 13 209 225 233 153 50 230 204 110 155 135 245 128 118 219 117 189 219 225 104 44 182 99 155 22 248 104 204 26 65 109 52 189 99 104 65 134 232 115 146 118 71 190 49 229 155 117 164 93 128 190 161 118 89 27 143 113 244 18 82 103 102 97 51 145 167 12 195 222 90 18 56 26 10 94 101 175 29 233 148 
186 219 184 177 157 1 116 37 244 156 249 145 16 203 205 173 234 110 93 76 109 230 228 242 110 211 107 25 104 229 161 64 80 107 107 221 224 205 161 88 103 220 23 187 118 185 239 119 183 6 173 182 226 101 48 157 161 204 70 101 160 161 29 182 97 197 76 119 214 95 190 190 30 230 155 191 111 238 72 209 33 134 227 77 202 75 165 8 94 119 6 29 82 61 14 74 193 61 169 234 7 244 69 251 219 167 75 186 91 90 119 28 215 104 45 173 163 245 173 159 3 121 166 246 200 94 208 102 225 142 165 246 216 122 49 132 149 60 72 107 196 45 46 90 202 101 135 241 7 237 26 36 29 97 143 27 234 76 49 166 
72 94 100 216 91 246 251 238 75 43 199 206 61 24 154 233 174 18 5 198 215 133 77 118 18 229 219 37 59 77 183 36 166 105 199 116 217 223 114 64 77 109 12 244 81 132 151 225 45 155 254 116 221 236 69 250 101 154 91 65 153 227 175 166 101 172 221 161 90 234 7 89 37 112 99 99 4 154 203 245 33 14 218 219 198 97 184 157 57 216 101 134 229 25 211 228 46 24 143 4 211 135 133 13 214 197 173 22 247 116 231 186 218 78 247 125 128 77 153 176 202 112 231 43 161 110 242 231 184 174 185 3 93 217 58 217 74 104 178 203 134 203 105 218 122 233 76 76 99 223 247 216 246 241 201 166 109 239 89 175 
52 244 165 245 154 250 226 224 202 230 7 231 174 227 235 243 154 122 149 183 41 13 115 46 12 41 27 133 118 89 108 91 60 233 193 89 74 206 235 117 54 206 93 22 89 240 23 38 217 207 214 220 180 117 157 131 110 112 91 82 37 167 99 122 74 93 246 239 82 36 102 250 228 177 163 80 142 135 92 62 214 109 61 35 16 167 244 41 37 233 55 23 55 90 109 220 229 185 41 206 101 220 65 211 254 155 215 110 30 141 82 77 237 119 74 62 219 166 157 148 120 207 229 176 78 97 148 118 35 117 103 147 234 227 197 174 158 163 187 50 123 228 92 132 229 83 23 249 122 25 65 83 36 242 58 22 109 118 73 228 
234 220 116 201 27 122 29 28 109 137 65 24 123 203 102 215 36 219 140 155 105 165 90 75 78 115 54 110 190 93 188 4 149 223 110 90 117 221 193 232 244 102 191 233 164 187 230 235 132 57 190 210 94 203 102 101 211 210 122 43 110 227 201 54 145 45 29 55 102 182 52 197 173 93 37 92 154 235 35 57 153 133 6 102 75 227 221 249 144 227 103 233 252 81 33 185 177 52 174 117 94 140 161 73 47 245 197 157 231 218 179 102 48 122 166 204 166 144 190 230 54 238 227 91 118 18 249 65 222 93 105 185 38 108 122 199 240 224 161 30 92 53 225 166 94 110 182 94 147 220 133 155 252 71 164 78 49 225 218 233 
219 151 23 114 221 230 189 109 174 64 203 104 67 174 123 119 247 97 39 93 77 112 235 186 101 178 123 94 65 239 70 105 203 115 214 195 93 95 242 81 173 217 230 156 63 64 231 14 155 174 49 237 41 195 121 181 143 229 155 189 142 18 5 205 150 215 111 79 133 30 152 114 251 89 215 91 246 93 235 129 67 58 97 89 179 153 41 26 208 27 51 156 118 74 83 233 109 72 215 32 110 202 52 228 155 81 133 185 119 115 82 189 219 158 228 157 187 6 53 228 197 13 186 105 9 227 190 223 78 90 80 110 231 78 5 49 197 208 69 152 103 119 41 158 77 174 215 125 195 245 99 192 79 233 35 154 117 93 254 229 
175 189 57 179 166 71 152 196 223 103 157 169 62 121 166 235 81 236 237 129 174 218 89 236 76 225 191 27 23 87 157 166 20 208 79 189 232 102 148 220 236 14 80 244 94 101 150 79 46 209 105 116 58 142 253 190 141 229 217 191 135 121 132 117 142 81 53 135 194 58 7 201 39 3 161 218 90 105 167 61 30 200 247 118 112 102 77 198 29 134 6 110 68 26 3 109 188 100 225 123 45 220 125 38 50 123 155 166 29 215 116 140 183 104 76 174 198 93 148 65 245 117 217 228 150 66 208 123 237 223 7 158 9 185 158 50 18 29 247 106 151 154 29 111 158 25 116 240 120 209 161 145 6 211 43 18 102 78 123 230 
142 110 111 218 25 177 44 83 158 110 115 13 114 56 157 167 82 249 93 82 164 25 100 199 49 184 99 221 187 147 25 194 80 122 94 53 157 161 65 47 12 158 232 100 27 172 102 78 221 219 37 236 71 82 237 122 72 73 165 24 121 185 43 122 118 53 67 5 141 46 228 204 201 227 174 155 90 123 244 118 13 157 181 204 228 175 127 183 101 181 53 109 65 62 147 174 29 175 89 228 231 151 151 115 217 183 91 227 53 253 110 102 250 156 60 189 163 174 215 200 228 41 77 186 109 234 75 78 132 178 112 135 166 99 118 253 133 222 174 228 157 244 167 225 20 250 90 110 173 165 118 254 90 90 211 111 185 230 118 50 
184 101 3 121 245 214 246 59 111 117 134 39 18 94 19 186 237 16 100 115 117 109 131 218 67 167 54 54 23 188 220 134 197 101 185 211 67 30 150 208 234 110 28 197 74 232 50 112 228 118 142 91 129 101 184 198 54 107 27 83 113 134 233 185 205 183 99 30 52 97 117 235 254 182 236 157 166 59 57 46 122 151 161 43 3 230 236 238 238 163 155 109 209 216 144 209 253 183 214 96 112 189 58 35 187 154 82 57 1 217 94 99 28 215 25 101 185 26 121 146 232 109 29 4 225 146 91 29 109 242 38 231 163 118 83 99 223 233 33 211 203 45 22 209 43 214 104 208 232 125 1 33 160 22 121 18 73 62 110 235 
29 73 203 102 90 101 204 191 240 231 224 229 153 196 110 251 233 249 137 233 129 134 197 208 172 17 184 101 238 94 26 244 147 190 141 244 157 93 211 161 36 152 239 210 99 175 189 121 83 185 110 107 131 199 52 202 216 90 108 108 183 178 82 221 222 217 37 83 181 248 109 20 251 25 202 232 74 233 179 62 250 94 69 221 226 209 225 43 14 216 141 199 250 111 78 218 50 26 17 164 216 236 216 228 41 189 46 53 186 153 171 230 118 233 17 155 172 97 144 77 215 188 228 99 153 123 57 196 214 91 5 111 118 59 101 119 178 54 203 155 77 203 247 25 89 222 197 215 75 178 53 219 47 193 218 121 100 178 214 111 
201 188 233 189 230 115 58 118 73 80 33 65 233 72 119 237 160 67 97 23 146 111 7 122 44 113 239 166 76 81 13 164 132 58 14 154 24 82 46 93 150 68 13 103 242 223 101 29 140 230 217 154 112 166 29 190 37 232 214 78 10 209 134 115 245 105 80 223 90 89 97 194 25 189 210 80 97 182 32 247 101 173 230 235 76 111 110 241 164 115 99 47 74 78 218 80 135 141 116 75 95 109 89 58 197 119 249 41 222 104 118 249 6 250 156 204 144 105 55 157 111 179 186 108 66 55 225 110 149 197 23 102 45 121 210 107 19 221 154 254 45 254 244 91 100 158 196 20 246 104 169 205 242 108 109 152 158 189 221 118 
210 113 163 216 181 101 13 59 197 6 193 41 116 91 154 119 209 60 172 78 109 116 29 229 17 230 29 59 14 73 155 219 13 218 201 154 20 195 161 32 185 47 186 95 114 215 74 236 155 54 171 134 49 28 110 229 161 227 100 201 186 94 251 245 204 166 115 167 232 80 174 235 152 204 116 49 154 11 237 153 161 122 150 253 227 41 228 71 144 201 174 44 185 82 22 210 226 118 249 205 53 94 215 41 4 77 237 114 16 103 216 227 214 227 214 199 25 24 173 147 239 120 52 157 218 104 52 129 181 230 225 94 30 132 161 121 248 118 200 221 122 35 125 166 203 217 89 204 182 231 100 52 158 189 156 211 102 218 123 30 
78 150 102 187 219 35 141 189 169 205 227 54 52 6 99 5 122 90 125 221 229 165 123 237 75 224 214 97 210 99 173 180 207 237 214 108 161 116 73 197 125 114 109 230 54 249 142 194 78 150 210 121 41 166 99 83 175 45 141 37 210 101 116 92 67 93 167 175 53 76 231 183 37 151 246 198 219 108 146 233 211 164 116 27 154 221 23 140 233 122 207 75 82 54 101 93 158 221 157 200 169 56 219 233 81 230 234 226 120 6 211 160 153 135 91 221 240 247 150 230 216 74 220 185 239 166 181 228 58 72 210 91 54 40 218 116 90 89 63 148 151 239 123 127 182 117 246 25 47 111 39 134 57 77 19 90 28 222 122 113 
