41 218 167 45 59 59 116 29 8 39 91 32 47 62 174 52 241 86 103 181 109 91 166 118 110 231 30 184 7 80 212 71 44 175 162 224 111 129 189 152 23 153 180 18 36 70 238 190 88 186 223 11 23 173 49 110 55 127 98 8 143 163 36 242 117 166 46 85 242 6 248 153 165 124 25 130 158 202 79 67 237 166 113 10 254 31 31 23 34 57 93 56 155 133 86 103 102 38 187 230 248 115 118 182 93 178 219 118 188 161 161 174 123 134 133 105 105 125 123 58 144 186 120 251 137 86 9 180 110 6 35 133 118 57 219 154 196 213 152 187 33 8 134 239 187 41 150 215 221 110 33 123 161 154 130 253 121 175 150 23 
113 152 121 79 78 28 251 184 118 245 118 103 74 122 132 217 186 41 160 73 180 218 102 230 20 31 238 141 102 35 118 35 154 92 141 147 26 159 28 233 230 251 31 111 158 66 178 221 75 66 182 38 154 182 153 199 249 81 22 111 102 21 141 238 198 174 223 155 145 26 143 188 174 100 39 181 145 90 123 178 127 134 230 127 183 41 150 15 163 226 230 95 196 177 241 47 119 187 134 81 154 90 220 39 215 131 72 199 58 110 237 94 216 201 13 199 247 182 22 219 203 146 109 146 232 40 88 99 220 246 175 52 201 90 241 122 110 36 41 128 84 183 215 156 162 233 112 174 159 225 217 48 140 216 119 231 109 105 45 110 
223 137 72 38 98 228 222 217 251 96 102 12 182 31 174 6 147 182 159 136 43 98 194 125 85 111 166 141 147 11 57 237 230 167 152 126 62 6 21 77 43 74 88 21 246 201 154 190 27 119 237 164 23 65 107 154 118 253 119 126 231 214 218 100 166 249 140 246 21 44 178 103 120 62 110 146 79 73 110 110 54 218 100 47 40 178 225 26 216 46 27 126 127 122 142 153 100 135 198 71 62 70 140 173 196 88 183 247 250 212 38 120 223 132 198 235 140 74 41 115 118 112 135 93 185 251 115 129 46 220 116 164 152 111 111 78 7 118 194 187 134 61 52 43 159 17 167 184 201 244 138 38 158 11 110 27 87 251 186 251 
180 188 124 222 175 29 33 199 97 244 198 182 91 55 174 97 199 90 86 143 235 127 65 219 41 175 130 134 145 100 118 98 23 127 87 236 183 118 249 25 2 246 5 183 108 248 127 143 166 191 110 231 216 7 182 112 161 146 14 91 81 77 155 105 186 173 209 27 183 235 244 126 208 237 241 182 68 122 200 119 198 175 177 132 110 210 83 129 154 167 202 121 203 88 244 154 109 220 244 56 185 114 8 244 186 74 102 59 230 45 73 163 142 85 102 175 190 25 119 185 150 217 177 187 110 116 38 187 154 112 110 96 186 180 118 99 13 177 130 62 242 105 166 126 26 161 53 197 183 117 109 223 136 110 142 113 220 237 144 174 
163 29 107 107 166 125 228 44 178 224 91 100 226 18 123 94 206 118 10 233 251 221 90 166 196 133 215 189 11 27 56 35 66 166 253 29 91 56 167 109 187 77 251 142 100 9 76 22 239 172 50 76 239 71 239 91 90 208 130 211 159 131 53 58 239 161 89 201 49 59 82 198 103 77 183 223 187 113 58 146 186 202 242 225 25 105 227 164 53 132 183 17 70 239 184 242 26 96 237 209 244 150 6 209 107 74 99 119 190 180 19 31 250 23 158 173 230 9 88 187 129 231 224 217 174 79 154 71 116 122 195 93 143 187 110 236 113 146 126 120 231 133 54 185 182 215 59 80 223 103 13 196 241 251 157 95 94 248 115 119 
56 181 142 236 173 182 4 23 58 97 194 107 139 17 166 254 119 183 93 112 178 115 77 126 126 25 150 122 45 157 215 78 251 167 17 223 246 240 105 128 251 111 134 175 62 216 40 173 25 158 226 208 221 198 109 221 28 190 222 123 129 188 123 190 100 114 237 33 225 122 94 234 220 66 208 141 100 187 47 156 226 29 35 114 249 166 96 78 61 191 88 114 74 156 143 120 225 246 159 31 187 145 249 95 114 154 88 94 12 162 203 33 70 208 235 96 183 234 97 174 22 241 238 228 24 239 147 173 117 188 195 70 224 248 218 212 228 185 109 98 100 91 135 103 36 188 174 199 142 253 164 46 31 175 92 184 212 178 19 187 
223 164 20 141 28 187 215 239 125 40 233 93 64 183 167 127 64 167 214 159 251 109 247 183 196 95 133 182 94 79 152 111 147 167 77 161 105 192 188 182 246 47 156 74 253 213 134 211 115 90 93 218 153 33 219 184 68 239 90 175 206 125 141 149 167 20 164 150 122 107 154 111 114 175 97 161 120 218 250 70 202 221 226 219 105 16 126 10 99 30 103 147 46 111 129 177 230 240 26 242 181 248 153 45 145 166 174 65 114 201 246 1 149 223 72 47 91 159 46 184 237 153 166 162 16 139 134 212 59 43 194 238 100 60 117 239 153 247 236 82 186 232 161 126 70 157 102 28 155 133 30 58 196 173 184 78 125 123 100 32 
212 69 166 247 134 107 163 218 94 108 230 87 136 77 134 254 36 128 166 188 136 128 178 216 230 107 79 15 156 127 199 88 88 187 57 62 146 230 223 232 174 9 200 210 89 241 135 152 237 123 86 250 77 103 173 245 79 58 116 150 95 92 186 188 134 162 250 79 72 109 194 96 183 186 118 14 33 50 241 62 178 218 87 220 220 188 159 251 89 16 200 25 242 241 157 118 202 126 166 157 183 160 138 238 17 241 109 123 105 237 216 161 44 178 49 184 114 14 251 126 209 167 203 64 185 124 223 178 159 177 111 183 220 32 121 27 160 194 206 87 81 131 116 98 118 187 159 126 24 227 188 162 124 180 83 105 123 120 236 71 
254 250 70 164 90 238 8 102 99 157 108 189 152 89 152 78 56 105 110 121 66 182 182 122 245 113 115 75 154 221 196 158 10 222 183 38 215 121 127 80 55 237 225 181 217 118 99 130 107 77 131 101 115 138 214 20 233 74 238 27 32 224 158 254 230 96 241 1 155 172 230 6 184 184 175 129 212 72 174 71 122 247 142 81 200 182 124 7 99 232 234 210 237 15 190 96 70 121 155 222 43 161 217 231 59 26 84 248 111 145 190 160 183 22 102 200 56 231 22 191 218 238 13 96 28 186 97 62 102 152 154 250 157 32 153 164 203 153 123 115 180 186 145 22 111 146 44 234 127 145 29 124 163 99 121 182 254 74 246 160 
131 163 86 188 110 120 114 217 14 203 7 59 175 163 215 227 38 124 78 203 137 38 227 239 126 28 70 135 26 182 115 180 234 223 186 201 199 79 146 196 2 230 95 241 111 58 107 100 231 187 17 118 105 188 138 218 119 200 235 96 153 210 14 117 49 190 239 78 127 149 55 30 212 121 135 183 44 129 194 239 237 227 27 160 98 25 225 189 111 94 146 85 68 167 222 126 163 180 111 189 153 215 226 100 182 55 39 214 174 4 208 174 140 166 91 74 8 167 214 152 48 43 185 97 24 111 90 241 173 245 68 251 101 156 160 175 173 125 88 159 208 128 96 178 91 139 43 189 135 126 72 230 124 144 221 55 135 249 215 169 
110 123 180 50 121 214 228 111 93 202 25 123 110 35 119 30 254 122 152 231 66 118 72 226 251 143 107 174 127 104 114 250 217 175 66 116 18 251 102 230 188 135 201 199 119 142 86 75 188 117 124 174 221 160 166 124 164 248 228 97 73 167 108 71 239 45 215 26 79 130 78 196 43 182 121 100 200 163 71 219 52 188 47 159 141 187 144 91 30 74 141 166 24 77 180 164 54 251 54 123 218 95 7 182 230 244 222 209 226 18 46 223 226 38 141 214 36 138 71 66 219 72 17 125 237 23 249 102 238 103 14 161 213 76 152 251 231 102 200 74 159 144 160 130 45 8 166 230 127 95 238 16 111 164 251 100 107 90 234 15 
180 82 70 119 102 234 82 40 127 174 138 173 250 36 143 145 73 222 86 108 238 177 198 182 117 118 154 75 135 83 5 239 149 180 38 164 167 110 88 186 96 184 76 154 202 111 10 228 164 114 189 189 8 183 155 78 206 115 113 227 72 28 25 181 159 56 250 251 120 44 45 234 237 108 219 108 129 73 219 68 233 120 29 73 155 163 118 216 132 139 221 93 152 199 91 24 22 188 239 142 161 114 57 58 119 249 182 24 97 105 165 185 188 124 134 52 117 248 109 111 211 38 24 218 84 141 244 186 245 143 99 164 186 130 230 200 212 91 125 87 218 161 185 129 98 22 153 26 178 108 203 39 47 92 188 38 199 203 153 43 
206 31 135 14 143 167 94 220 17 163 11 72 17 158 124 75 155 120 220 235 152 59 182 16 111 70 123 56 180 50 13 227 189 122 157 71 91 231 22 109 74 99 103 177 194 189 184 239 159 110 88 55 78 182 35 188 143 18 239 131 156 219 143 36 156 109 248 216 98 24 24 185 47 16 141 79 189 230 34 108 194 58 110 249 73 43 126 173 26 250 183 35 183 114 14 31 68 38 253 119 166 127 111 190 108 128 88 180 140 244 45 193 15 167 17 35 219 38 216 174 91 177 66 199 47 167 218 121 153 37 62 221 6 46 223 246 220 79 4 163 253 38 220 8 125 161 181 201 105 202 116 129 135 190 10 110 135 183 16 219 
10 238 174 175 157 114 198 105 65 177 38 29 146 70 78 235 188 100 103 191 198 238 24 102 189 189 244 74 103 203 150 28 134 219 144 251 232 112 165 162 45 115 120 143 135 27 221 29 59 188 142 29 223 156 109 159 156 135 83 169 187 119 124 123 89 31 12 102 182 241 194 244 238 189 25 70 224 105 43 113 202 124 146 216 115 153 214 145 82 239 6 182 251 100 196 231 49 46 47 171 142 239 100 80 163 4 142 134 198 202 122 68 196 239 189 234 31 166 107 82 219 53 219 146 88 175 164 77 102 231 30 198 202 93 209 220 105 174 146 26 79 120 9 188 223 125 91 133 74 163 158 66 105 230 54 163 161 77 223 137 
239 92 113 86 230 10 182 1 223 191 74 236 235 79 150 110 126 4 129 241 6 86 122 47 184 194 22 181 92 250 225 54 127 77 50 55 100 11 109 250 165 111 166 158 218 141 20 193 35 185 167 117 167 225 184 213 215 130 238 146 206 201 10 242 233 199 45 87 57 110 135 152 225 112 248 216 38 123 158 92 10 125 129 242 183 199 11 182 212 181 35 111 99 115 93 181 156 177 120 163 242 127 167 41 43 66 167 214 45 135 159 119 164 9 217 223 163 183 173 240 141 214 194 193 131 34 217 124 174 115 164 111 141 140 86 220 162 210 71 187 217 50 231 121 113 68 251 126 90 108 125 152 199 25 161 122 188 161 217 225 
180 167 5 159 233 126 199 27 135 155 28 31 228 242 96 186 39 235 109 115 201 43 145 73 132 62 74 239 105 121 72 30 222 107 159 234 6 29 166 16 77 91 159 43 73 131 112 187 157 236 237 4 250 122 2 215 143 27 130 213 189 89 167 61 110 55 72 71 174 22 94 62 100 197 247 231 71 109 230 55 178 159 147 98 86 161 90 248 244 83 223 122 1 231 234 109 210 246 20 74 72 82 88 249 59 162 227 89 103 236 61 220 118 248 84 110 155 17 189 247 180 161 13 127 107 159 181 182 27 25 214 162 118 245 153 223 136 237 120 137 71 145 61 22 92 230 194 183 174 218 196 87 166 123 30 2 162 254 102 246 
84 126 140 103 238 6 29 238 203 99 197 92 233 126 236 250 108 103 88 92 24 173 70 239 164 7 74 189 121 155 177 157 11 164 198 50 183 90 241 154 167 102 68 218 246 121 214 129 220 242 164 109 188 46 122 196 248 30 218 156 162 242 239 156 25 32 141 2 127 96 222 73 181 157 2 247 124 29 126 111 75 111 138 210 110 89 26 234 103 107 224 118 92 4 110 120 199 219 131 190 7 167 162 244 123 30 216 32 91 189 10 236 98 218 116 87 246 223 116 147 108 237 183 152 100 79 122 133 127 136 91 219 167 111 161 197 82 56 35 137 231 238 44 155 126 237 55 145 21 34 253 20 143 181 67 67 123 45 202 184 
206 47 156 221 2 209 223 167 31 128 146 100 38 246 103 231 103 59 54 78 250 97 58 227 135 91 219 80 141 124 190 33 186 193 134 250 100 178 223 146 107 131 159 180 92 91 150 66 254 89 186 36 41 182 228 111 134 9 193 187 143 41 153 155 127 132 111 152 9 173 111 178 26 99 173 132 222 8 8 111 69 119 82 236 102 232 167 190 120 202 137 225 166 242 15 81 27 174 251 65 214 123 215 213 175 123 94 228 80 122 43 118 109 103 143 131 164 224 112 238 132 166 79 32 242 102 58 145 220 174 163 15 117 185 175 161 157 28 249 74 45 133 164 167 110 97 142 163 178 92 241 189 187 185 116 180 222 198 66 248 
226 245 109 152 178 35 149 24 188 244 210 105 135 200 102 218 84 122 247 30 110 95 241 242 119 196 61 59 110 103 235 89 222 254 80 216 181 241 73 90 188 150 52 202 91 217 88 77 189 182 71 125 126 121 247 149 203 22 185 191 38 155 90 123 131 155 220 185 222 185 153 15 39 130 50 38 225 152 199 184 75 92 238 196 44 184 118 123 124 163 2 120 228 62 78 103 152 237 30 227 185 10 216 202 245 6 250 212 153 73 142 190 196 242 198 178 71 2 247 89 244 218 182 248 159 72 7 114 56 128 211 39 147 134 28 223 44 147 178 35 174 214 155 67 70 251 128 86 95 171 99 163 102 238 228 188 183 185 107 118 
43 142 82 113 118 143 25 222 211 119 139 129 95 89 241 186 189 7 159 40 147 90 242 122 135 32 233 251 175 113 18 227 75 157 25 25 222 102 202 189 121 222 10 228 109 227 235 80 214 123 174 112 17 59 122 227 32 161 122 125 213 251 130 26 223 24 136 186 88 47 52 97 74 30 190 108 122 95 97 127 108 166 220 227 67 181 156 183 187 29 208 130 11 111 96 43 112 247 219 186 146 100 239 152 137 47 94 25 242 141 54 100 247 31 174 254 142 12 96 116 230 178 201 88 91 134 123 109 211 92 109 70 36 59 183 79 58 90 244 247 153 215 231 70 46 237 188 108 217 113 126 109 9 239 183 71 221 49 166 225 
125 8 30 126 33 118 249 162 215 44 78 220 109 155 43 159 14 158 92 158 40 133 245 53 134 159 181 236 158 75 126 173 24 127 142 251 125 193 101 180 159 246 217 13 66 47 182 198 231 175 10 233 124 184 74 35 31 136 145 107 43 189 89 39 83 140 102 160 99 126 166 89 144 237 87 103 184 242 35 138 167 49 58 216 18 6 110 178 44 140 199 235 127 108 235 186 87 22 236 219 121 61 122 193 46 215 122 88 145 166 224 134 94 188 167 115 137 7 46 19 74 38 110 235 99 180 119 36 202 21 245 109 156 248 16 184 43 125 31 189 155 178 125 93 26 174 159 174 74 1 120 24 163 163 22 17 230 167 158 195 
6 73 161 214 231 59 158 249 212 136 87 173 99 162 54 186 214 210 89 71 32 46 178 27 75 65 127 108 118 111 16 91 166 147 41 11 47 146 109 242 165 163 31 122 223 189 39 212 184 115 74 244 217 100 61 188 117 180 235 122 102 50 94 206 201 103 102 11 175 157 223 76 126 206 222 43 68 230 4 244 227 178 55 77 123 110 45 25 155 64 244 72 246 32 126 239 98 81 159 231 159 30 187 126 99 118 167 180 145 89 57 247 184 160 84 209 251 109 109 27 194 210 113 155 182 128 126 222 45 144 141 27 183 175 22 38 79 110 131 138 158 175 140 131 139 164 180 217 97 161 196 22 166 43 131 184 20 225 127 159 
142 242 224 230 189 30 65 223 111 154 91 152 231 158 68 30 34 56 177 183 144 234 73 94 249 16 67 175 166 250 173 166 251 162 212 134 253 105 109 189 46 246 116 57 135 26 215 173 111 70 23 43 132 119 223 154 167 72 123 26 99 226 102 119 161 41 29 187 78 13 215 39 222 59 114 160 110 80 221 78 152 28 88 94 188 22 186 175 156 165 212 142 47 86 90 122 120 160 222 38 22 86 159 107 119 110 62 222 2 57 78 175 114 23 180 228 103 178 197 241 214 200 108 88 115 113 184 239 187 30 230 210 212 139 166 68 219 128 167 143 183 161 123 90 76 137 201 144 161 171 238 164 88 95 91 141 242 245 131 110 
238 224 136 55 31 183 29 108 96 218 129 118 187 27 99 122 97 145 178 248 245 175 124 251 119 141 86 1 167 161 86 206 121 186 201 32 141 159 177 97 164 153 13 61 219 99 56 110 123 171 41 13 155 102 141 120 54 241 140 154 209 178 216 122 102 161 235 79 166 123 202 186 105 223 8 108 154 98 240 43 247 94 94 253 24 133 159 121 187 216 142 173 80 105 108 167 216 102 17 191 163 145 119 217 199 167 120 138 188 199 196 141 143 29 59 152 213 127 143 188 134 210 122 95 185 38 45 46 157 232 162 201 103 89 29 90 201 241 167 234 249 162 247 154 80 236 71 188 114 237 249 78 70 183 232 66 28 155 173 244 
222 142 157 152 111 89 9 223 249 131 237 245 248 66 239 113 120 163 232 100 102 94 235 147 90 146 219 38 145 19 132 94 245 141 183 235 99 125 189 166 154 242 157 128 187 100 74 239 121 26 215 95 70 214 78 53 248 250 182 193 78 211 17 129 155 57 105 215 175 175 241 102 68 186 18 234 10 75 121 58 194 55 9 158 159 184 87 180 187 178 245 120 189 125 186 41 47 164 158 116 186 140 96 124 218 140 36 102 220 178 201 46 112 143 177 143 92 216 235 160 186 153 24 231 10 236 167 49 11 132 188 162 247 7 163 134 210 79 155 238 162 59 212 183 73 188 74 127 146 216 29 25 123 182 200 166 203 131 38 143 
219 119 33 182 239 122 90 123 189 237 38 182 254 113 95 71 147 162 121 29 99 237 248 181 122 218 197 105 23 134 120 56 26 222 201 158 85 118 122 182 196 159 60 155 147 181 199 227 235 184 154 230 90 88 28 99 96 187 177 233 206 177 145 214 246 230 9 237 99 124 137 118 45 165 119 33 163 184 158 221 6 98 114 126 238 19 123 68 183 237 201 90 192 155 109 154 214 109 114 188 52 219 177 237 43 92 188 68 47 130 182 24 214 177 188 130 203 124 145 227 155 137 215 18 122 237 154 248 166 192 215 242 155 174 45 197 146 88 35 163 185 187 178 17 226 249 4 65 103 175 35 28 47 15 167 186 245 38 126 232 
223 109 220 210 230 2 152 58 88 228 94 226 32 77 70 246 127 183 166 132 182 123 120 83 183 97 189 46 188 122 242 128 160 189 189 102 112 70 242 172 185 100 41 221 155 222 117 153 217 11 246 219 115 186 16 230 242 68 139 186 240 242 38 219 178 74 132 153 107 165 215 215 39 123 237 213 181 119 140 98 50 203 113 134 79 141 250 12 167 153 11 38 163 22 7 143 66 22 254 127 9 88 138 93 109 249 141 223 173 175 153 36 105 188 54 246 241 90 246 229 1 158 251 91 76 167 96 187 114 199 250 91 108 159 18 200 234 20 140 189 72 54 55 175 79 186 201 82 9 118 47 56 38 178 197 45 127 132 18 251 
140 167 184 108 173 91 93 119 141 61 73 71 22 44 239 126 247 35 10 75 105 202 134 155 35 122 109 58 29 134 217 56 251 190 73 152 110 101 147 128 134 182 4 88 162 200 233 114 54 237 87 152 102 116 138 95 186 239 173 130 238 113 245 251 186 244 102 242 175 127 9 174 58 144 177 177 8 239 77 90 50 7 111 109 75 178 220 230 30 108 186 203 122 46 97 120 55 44 197 8 97 201 202 6 107 74 246 43 89 152 121 223 111 135 89 150 192 134 238 208 79 144 121 61 242 183 83 121 220 247 222 1 166 110 31 110 143 188 211 77 203 77 190 111 159 126 132 132 177 101 89 108 91 82 78 251 182 117 174 245 
24 88 250 90 239 95 115 112 79 123 9 121 247 113 125 81 239 159 234 217 62 6 145 55 4 62 45 202 155 174 180 173 20 126 66 174 143 71 125 154 27 71 166 43 174 80 41 59 110 69 107 100 216 154 230 193 183 144 173 163 58 249 177 159 143 166 91 117 163 56 187 95 120 210 241 160 199 201 164 23 107 182 22 49 32 249 88 62 58 126 25 41 25 175 182 100 122 222 62 71 186 100 130 97 87 237 105 183 39 198 163 134 118 153 143 23 109 251 230 232 156 69 122 208 135 178 232 155 49 154 185 225 127 113 74 247 231 241 221 19 157 120 164 200 122 161 41 94 159 46 130 161 56 83 31 43 182 155 142 120 
127 100 152 78 45 159 38 36 182 206 130 44 157 77 187 105 56 109 196 237 190 250 175 141 135 145 27 183 215 166 212 8 234 101 183 175 154 102 66 124 88 187 213 126 248 221 123 125 200 30 215 99 167 77 187 186 97 99 159 61 183 113 78 27 226 54 38 25 187 219 24 74 246 166 58 164 239 125 49 30 238 202 11 187 141 113 102 94 224 113 185 126 84 162 50 222 210 24 247 154 167 196 242 142 53 90 74 230 121 111 209 187 16 159 251 68 251 224 215 123 27 119 113 173 155 35 94 130 103 166 190 222 59 180 159 73 80 112 242 39 164 26 114 251 167 183 219 167 225 100 202 237 84 137 248 135 18 114 111 126 
109 233 41 147 102 123 214 182 247 128 77 188 129 247 157 153 89 178 57 166 134 144 125 223 186 211 157 167 130 117 139 190 77 145 107 65 166 165 83 162 246 110 123 228 21 128 121 7 237 247 18 118 62 65 158 218 197 122 237 214 199 35 10 70 235 105 181 133 202 39 236 147 93 174 105 173 91 166 125 194 129 31 178 174 209 238 62 47 96 45 17 228 155 143 161 126 182 140 105 48 183 79 24 120 237 162 202 222 153 145 163 214 109 231 120 230 221 11 26 120 74 6 223 190 14 113 215 101 135 175 160 183 121 135 10 18 74 96 138 236 185 153 62 231 134 247 105 150 65 90 177 64 133 126 49 239 154 166 87 122 
245 214 30 209 251 137 236 72 101 185 230 254 23 158 251 125 162 116 118 194 247 111 174 116 132 114 213 45 41 169 230 251 40 96 133 214 124 187 232 100 116 7 160 88 167 186 235 133 55 98 190 152 31 199 86 215 198 122 110 213 201 158 200 154 199 162 26 201 67 31 9 78 57 1 242 111 175 190 249 22 39 76 89 155 144 187 134 75 38 203 11 183 136 47 1 182 212 184 114 157 54 100 150 59 19 157 237 251 38 105 152 196 217 188 132 247 75 166 232 130 90 154 110 120 235 131 96 157 118 101 9 231 14 222 231 19 35 38 89 191 233 239 38 181 231 46 152 80 156 98 242 226 11 97 61 35 187 135 157 123 
199 183 181 111 46 210 52 161 231 183 145 6 147 28 230 249 163 94 166 163 248 46 184 73 18 220 177 102 221 225 46 67 160 159 167 26 230 242 130 53 4 231 124 184 45 244 187 135 102 109 58 116 137 163 118 159 140 142 250 44 158 222 61 159 155 26 129 10 198 55 120 68 78 113 247 237 175 157 88 155 6 230 218 68 120 245 149 217 186 218 26 182 130 23 225 247 38 245 174 120 121 233 233 145 110 217 173 113 26 86 183 187 95 228 20 214 241 247 105 76 120 62 134 223 182 127 141 135 200 211 144 201 251 177 155 86 202 103 247 120 230 88 249 114 40 95 175 183 246 250 155 87 175 175 97 181 222 123 155 19 
220 186 1 158 90 107 91 29 181 154 203 57 35 167 33 223 118 32 184 145 154 182 193 111 129 249 27 27 41 212 100 203 74 186 222 97 129 39 235 96 127 183 36 74 143 124 19 144 120 155 199 173 194 186 220 75 27 189 45 161 146 203 126 222 70 217 177 39 24 178 154 125 87 219 116 230 251 29 30 55 159 233 242 61 1 123 116 119 119 241 237 182 98 108 224 98 86 217 107 176 144 214 31 49 221 239 163 30 2 110 167 177 36 105 46 186 222 47 158 227 124 182 38 8 114 227 173 38 182 83 59 121 241 155 161 177 101 126 50 97 77 54 43 98 61 107 188 96 124 150 2 50 240 43 158 35 142 23 183 125 
38 142 77 187 175 186 68 213 80 121 112 122 238 72 183 93 126 94 206 126 194 203 74 96 244 34 220 186 119 167 47 88 225 215 198 88 230 166 97 242 56 236 117 99 177 245 214 158 161 222 183 189 193 73 24 79 108 175 180 180 217 211 163 102 103 110 58 161 218 92 182 40 93 46 79 124 143 126 209 23 95 167 138 102 115 98 114 61 7 108 198 73 95 181 135 111 19 47 34 248 108 116 108 120 62 214 55 26 223 238 253 123 155 126 34 237 244 178 224 134 105 212 120 177 238 157 30 72 107 173 10 181 155 29 186 153 211 27 77 237 134 77 89 46 174 103 74 105 141 211 26 109 53 66 111 158 184 211 107 181 
78 212 126 214 123 145 31 155 142 160 50 130 126 140 153 118 240 129 178 41 227 181 9 159 52 146 117 251 132 162 6 248 200 31 7 239 44 163 55 166 235 136 6 185 83 101 186 38 196 123 110 239 144 251 38 215 58 124 107 135 15 98 203 145 90 190 160 101 175 174 178 67 46 214 99 160 178 219 48 89 186 246 123 125 132 181 183 82 248 145 177 53 143 135 111 160 201 198 152 141 165 182 174 31 74 153 94 62 103 188 155 94 11 95 228 68 224 190 25 230 181 209 223 180 131 25 114 183 234 74 41 187 54 158 99 189 33 102 239 87 54 87 88 173 184 231 72 40 91 188 254 70 83 180 182 236 231 214 102 155 
99 146 241 108 218 186 6 29 74 11 66 62 152 173 239 153 98 20 244 135 182 152 38 122 34 123 38 29 7 142 237 109 6 111 78 239 40 65 242 48 222 53 223 165 147 105 143 116 237 27 253 203 18 36 183 122 242 113 184 78 223 167 93 90 68 251 145 249 124 160 247 125 236 68 152 18 239 13 118 238 242 159 235 86 113 62 120 137 224 78 247 52 222 163 43 99 115 155 94 70 26 167 105 62 8 134 118 147 32 185 108 113 107 113 107 73 46 44 246 225 117 156 24 230 111 188 24 194 218 123 114 167 39 200 242 158 92 155 76 102 159 49 150 251 77 110 174 68 219 121 184 24 231 214 228 97 187 111 157 39 
135 235 187 221 109 49 198 214 254 70 113 27 24 11 177 10 159 175 150 102 122 250 157 118 141 112 107 178 99 177 246 216 69 118 107 180 242 152 142 74 150 147 182 123 27 94 199 67 135 235 99 158 62 251 177 161 245 54 198 58 99 186 152 164 129 166 249 245 26 132 121 217 58 233 91 75 109 180 227 126 97 248 152 45 239 102 41 196 126 159 69 141 163 27 186 166 231 102 230 76 254 28 109 126 162 123 127 115 156 11 97 240 238 201 173 102 80 89 235 123 108 143 100 222 117 251 218 120 31 140 99 173 27 60 111 152 175 174 21 232 233 117 157 149 219 154 91 46 53 181 57 203 30 134 33 175 36 103 159 146 
