60 252 488 736 2368 2430 2940 3364 3600 3786 3835 4055 5233 5491 5813 6162 
242 588 650 826 1175 1617 2104 2626 3272 3820 4549 4605 5034 5094 5829 6198 
27 204 301 855 1001 1537 3035 3099 3104 3510 3747 4073 4123 4773 5217 5982 
207 665 786 940 951 1903 2854 3125 3284 3393 3462 3575 4356 5239 5301 5785 
225 985 1154 1284 2008 2485 3101 3518 4729 5375 5381 5918 6153 6249 6318 6326 
3 426 460 505 776 1303 1368 1975 2010 2152 2324 3505 3812 3916 5415 5952 
107 359 736 1248 2586 2894 3050 3213 3534 4129 4215 4362 4778 5007 5328 5350 
299 1022 2418 2776 3399 3796 4127 4498 4527 5156 5244 5384 5714 5986 6143 6247 
308 1017 1068 1385 1595 2443 2492 2662 3150 3187 4141 4330 4783 5562 6126 6283 
186 1101 1345 1645 1676 2032 2271 2329 2846 3223 3556 4050 4338 4745 6132 6264 
304 351 912 1279 1359 1487 2078 2108 2430 3173 3219 3611 3765 4072 4405 4412 
456 885 1024 1157 1609 2715 3312 4075 4233 4322 4633 4917 4922 5167 5572 5735 
80 708 1170 1911 2207 3291 3503 3522 3674 3725 3757 5237 5626 5797 6247 6297 
1182 1385 1399 1445 1602 2820 3043 3358 3540 3551 3740 5105 5804 5905 6163 6185 
141 464 536 1108 1518 2334 2692 3380 3648 3977 4813 4834 5128 5241 5634 5793 
685 939 2387 2847 3171 3616 3945 4401 4574 5158 5506 5576 5735 5813 5921 6043 
83 381 409 840 1059 1703 1753 2364 2501 2533 3455 4263 4620 5387 5421 5498 
558 823 1134 1435 1696 1755 2204 3368 4116 4711 4729 5307 5676 5800 6030 6179 
245 556 1135 1251 1747 2293 2545 2739 3202 3308 4387 4631 4850 5590 5655 5842 
279 789 936 992 1177 1328 1564 2983 3253 4847 4892 5445 5527 5541 5735 6271 
138 1363 2011 2021 2421 2452 2564 2818 3180 4271 4561 5529 5788 6002 6113 6152 
350 410 1711 2112 2229 2562 3868 4188 4566 5229 5244 5378 5764 5841 5932 6083 
2 106 195 294 681 863 1325 2704 2718 2862 3835 4334 4743 4787 5200 5989 
662 714 893 1203 1244 1875 2292 2412 2681 2952 3878 3891 3908 4082 5105 6087 
49 928 1114 1599 1994 2204 2381 2566 3132 3632 3808 5545 5603 5817 6112 6310 
10 56 339 423 1831 1917 1983 3326 3456 3986 4462 5263 5276 5502 5588 5846 
185 210 546 1108 1992 2297 2912 3035 3430 3744 3786 3823 4314 6119 6255 6277 
920 987 2730 2943 3250 3323 4119 4471 4739 4916 5044 5125 5381 5644 5728 6138 
76 244 437 1020 1058 1723 2237 2240 2931 3433 3465 3481 4498 4743 4932 5160 
163 280 653 1006 1258 1558 1585 1709 2214 2322 2645 3040 3856 4436 4877 5887 
180 253 682 1011 1092 1362 1376 1502 1710 1978 3999 4520 4620 4702 5178 5452 
592 608 2375 2528 2617 3381 3740 3803 4341 4388 4449 4592 4693 5406 5994 6209 
206 524 695 908 959 1245 1341 1391 1853 3225 3277 3343 4857 5120 5590 6212 
487 567 1096 2274 3083 3276 3315 3388 3570 4331 4503 4638 5526 5885 6066 6265 
695 1087 1930 2660 3297 3457 3738 3760 4967 5272 5461 5633 5866 6048 6093 6301 
9 489 725 1390 2012 2190 2713 3092 3156 3293 3556 4017 4217 4585 5002 5482 
156 371 380 567 670 802 2231 2643 2727 3179 3338 3389 3446 3826 4862 5894 
15 416 562 1446 1722 2499 4821 5054 5218 5373 5719 5747 5867 5970 6206 6217 
