149 215 158 243 111 253 226 87 222 107 221 232 247 246 250 244 74 253 227 125 43 239 70 255 247 157 163 239 244 175 222 47 54 255 222 119 143 123 222 55 155 246 254 247 191 127 97 26 120 98 31 103 47 126 135 190 56 168 247 65 239 241 167 97 83 247 185 211 62 253 191 252 186 77 124 126 134 109 176 153 227 166 17 167 134 33 246 114 249 161 210 45 157 246 236 15 124 113 81 238 131 169 167 97 83 241 58 103 105 95 187 175 246 235 222 230 158 239 190 213 39 76 35 79 12 67 234 19 171 202 11 125 132 97 136 39 151 170 158 188 16 239 183 155 170 83 1 65 246 28 250 123 59 117 56 183 165 192 65 51 
119 189 244 194 52 240 196 62 206 93 77 59 10 159 137 211 62 161 60 88 132 48 238 120 11 238 39 185 208 51 158 119 149 72 53 169 91 240 172 251 195 144 59 122 221 247 218 7 125 238 149 150 59 201 12 31 52 40 188 144 166 73 149 93 158 37 34 173 7 216 124 126 100 244 190 25 41 11 49 223 111 113 143 181 78 50 157 119 125 246 133 23 145 216 45 230 234 148 152 157 246 249 162 3 210 224 44 151 74 25 231 168 165 70 190 93 102 190 104 123 180 233 118 163 2 117 16 95 52 62 212 121 15 23 212 141 124 43 62 104 115 225 2 119 95 154 29 205 137 76 27 190 242 189 204 93 238 165 167 86 
191 53 73 211 8 211 195 16 244 156 202 145 148 155 68 241 200 239 179 151 201 111 200 66 58 165 235 118 150 244 211 251 240 231 139 80 148 31 53 25 243 67 201 24 10 162 222 94 170 122 237 212 160 79 154 30 255 239 5 7 118 84 54 81 34 122 79 154 29 34 216 215 171 231 205 15 177 1 226 116 205 223 126 172 211 155 62 104 120 157 50 167 244 115 9 219 11 227 30 68 245 158 147 171 231 157 132 23 151 168 207 179 148 194 121 110 107 51 233 236 207 154 29 48 141 60 49 15 142 216 205 2 107 194 92 39 81 107 29 225 62 104 117 13 198 84 160 177 222 122 130 108 51 221 167 75 181 24 19 168 
130 249 161 226 250 147 203 171 91 144 184 91 136 158 187 230 129 110 237 38 129 167 239 231 144 119 219 230 135 148 133 236 5 247 232 139 39 101 38 66 204 39 139 174 16 95 31 158 62 59 244 146 45 109 222 246 175 154 5 243 68 5 226 122 138 94 152 70 158 24 135 212 39 139 35 243 192 94 134 109 176 152 25 207 59 180 74 16 23 105 82 252 208 247 16 68 105 238 251 202 253 82 121 29 130 223 52 61 218 116 187 81 129 60 16 238 191 52 59 155 18 152 60 43 62 104 115 225 2 119 95 154 30 149 41 129 175 181 46 246 25 241 219 25 160 92 243 190 142 97 59 97 121 238 172 77 223 125 170 78 
152 70 158 24 135 132 236 9 50 163 195 61 39 40 205 2 245 107 94 24 54 165 12 107 225 89 246 114 249 170 78 66 17 215 203 29 53 22 183 87 207 55 146 64 185 221 125 102 239 190 213 39 218 155 49 15 73 238 49 11 29 217 80 217 68 146 70 84 247 125 246 135 201 111 202 143 61 213 58 29 33 239 106 149 99 230 135 201 111 238 211 165 218 140 23 132 51 112 94 122 138 84 107 225 89 243 67 233 202 165 91 174 69 185 59 19 230 135 186 40 147 190 220 248 64 159 79 102 82 183 243 67 207 81 74 159 29 177 154 5 187 239 180 60 160 44 169 197 189 169 71 146 11 123 79 154 31 106 60 135 
139 234 77 223 126 30 93 38 190 63 184 217 246 114 151 4 207 28 161 149 56 181 142 236 173 182 4 23 58 97 26 120 98 31 103 47 154 29 34 217 223 110 192 247 199 21 30 232 58 154 118 21 63 19 166 110 251 237 82 116 194 52 240 196 62 161 62 75 127 161 106 156 91 207 81 74 156 68 245 230 245 96 206 78 101 103 205 14 145 32 241 125 73 218 72 7 101 67 101 18 52 247 125 248 125 68 160 242 67 7 205 14 100 52 91 207 66 74 156 91 194 33 164 187 41 213 26 245 137 5 142 107 243 81 156 68 245 231 168 165 243 117 74 76 78 251 123 180 233 118 163 7 101 4 192 93 178 115 92 158 
242 222 150 149 191 191 175 23 237 225 129 239 142 42 61 246 49 66 186 14 65 41 134 9 229 214 107 180 50 163 89 85 149 61 169 119 184 108 38 239 190 208 249 45 252 245 20 169 218 71 155 58 190 124 208 162 231 194 4 105 248 33 200 90 48 51 158 119 142 195 161 158 224 87 5 101 76 214 130 248 255 52 62 212 121 15 23 212 155 190 254 124 215 158 162 149 62 207 107 60 190 84 222 179 80 172 12 250 22 169 132 107 207 54 119 151 74 223 199 249 161 216 116 51 230 135 65 126 24 44 194 119 219 230 135 140 121 19 210 252 208 249 45 252 245 20 169 200 203 233 123 221 115 165 96 236 162 19 202 117 
77 223 127 196 245 231 168 165 246 119 65 99 185 4 18 31 96 157 162 98 60 19 114 162 52 30 71 96 183 191 207 187 239 94 245 254 106 51 210 53 249 161 207 132 9 224 135 117 249 161 233 82 152 59 237 243 67 232 90 175 188 43 62 104 123 180 233 118 163 2 119 95 154 29 205 137 76 27 190 251 67 205 215 106 108 197 25 78 189 246 249 161 208 205 193 120 86 124 208 241 143 34 117 16 94 179 210 121 217 208 124 126 209 49 30 9 185 81 60 168 153 10 200 38 121 186 237 77 152 163 41 214 84 107 243 67 161 155 130 231 138 86 249 57 155 213 142 247 2 184 43 42 102 180 23 199 249 161 227 50 
39 160 206 124 32 221 247 218 4 61 39 142 65 41 134 29 215 136 158 188 245 20 188 74 2 59 180 59 175 79 189 238 244 191 52 60 171 188 50 136 79 41 215 119 223 135 212 74 15 8 134 144 51 194 248 86 236 59 237 218 27 213 121 94 120 201 96 47 134 94 92 76 46 114 9 76 48 79 75 243 67 164 72 60 245 20 173 122 63 205 70 124 208 233 132 105 225 136 114 23 8 196 241 182 2 251 213 228 228 18 152 96 157 215 136 158 188 245 20 173 126 106 51 210 53 241 182 2 237 13 233 247 189 223 125 161 217 73 144 179 29 246 241 238 211 165 218 114 50 120 199 147 236 79 39 205 15 181 30 67 
197 245 39 164 251 213 228 247 189 222 246 159 52 61 218 116 187 81 129 60 16 238 191 52 59 155 18 152 26 249 198 83 170 125 68 160 226 16 239 19 152 68 248 255 52 36 221 247 218 29 48 141 60 49 15 73 225 123 220 23 186 134 190 21 158 177 60 184 192 94 110 184 23 61 39 40 205 2 250 166 245 187 222 243 217 229 130 242 227 1 121 186 224 92 79 44 121 110 107 51 139 235 132 243 230 135 62 16 39 199 249 86 206 143 243 81 159 52 58 97 26 120 98 30 110 107 51 158 38 242 15 35 144 243 121 46 137 230 239 190 208 234 242 130 223 97 24 98 29 246 249 161 211 8 211 195 16 244 159 52 
60 144 170 11 210 249 122 169 235 230 135 201 111 231 168 165 79 4 62 133 153 241 219 25 160 92 243 190 104 123 140 84 163 194 179 220 113 84 148 202 81 207 132 9 187 239 180 61 214 133 9 223 111 154 28 248 64 158 8 123 129 92 21 149 51 90 11 227 252 208 251 81 228 60 95 82 110 251 237 3 188 16 247 150 244 161 159 29 177 154 5 233 125 209 68 141 124 116 165 110 195 159 8 62 196 242 119 81 231 168 165 231 138 86 254 142 97 59 97 111 7 186 176 51 227 248 233 74 221 135 62 16 125 137 228 249 161 223 52 11 207 81 74 215 163 252 212 103 205 15 146 223 218 135 74 96 231 157 210 152 
60 186 205 122 96 92 169 197 188 171 188 77 239 14 76 165 140 9 187 222 117 29 246 249 161 238 138 47 33 147 57 227 199 184 197 74 60 43 62 104 119 205 2 241 238 56 170 74 101 40 251 57 115 221 89 74 223 199 239 57 152 183 125 246 135 209 204 39 108 47 61 213 137 224 135 146 24 60 39 217 237 103 150 151 173 238 49 82 143 115 165 101 58 253 235 227 251 142 42 146 153 74 61 206 149 148 235 247 171 215 247 24 169 71 185 210 178 157 125 234 248 254 227 138 164 166 82 143 115 165 101 58 251 213 187 239 59 122 207 73 225 16 210 6 124 212 103 205 14 124 32 78 235 99 187 206 102 47 75 243 
67 166 17 167 134 33 233 126 104 121 29 51 221 104 50 81 246 31 32 216 242 2 169 253 156 164 78 210 205 70 122 70 190 93 102 190 104 125 236 99 242 140 208 47 154 133 249 161 194 189 188 221 118 166 204 81 148 234 141 63 89 233 62 206 101 103 205 70 119 91 29 210 225 58 218 167 238 138 36 239 183 62 16 39 156 47 61 213 159 29 177 154 5 187 239 180 16 123 162 137 60 16 189 111 12 11 74 59 74 227 21 40 105 249 117 154 249 163 164 165 29 165 113 197 82 83 41 67 77 175 133 103 108 208 180 163 180 174 49 82 134 159 151 89 175 51 177 210 148 118 149 199 21 73 76 165 13 61 223 121 
94 249 160 94 91 147 17 175 173 188 47 134 5 165 31 103 41 19 186 143 32 144 240 93 246 241 238 138 38 189 215 138 205 2 243 212 82 181 249 160 189 215 230 130 15 8 134 146 236 167 84 249 161 223 52 11 200 36 60 23 144 201 156 241 243 71 73 74 47 95 165 73 86 130 177 223 103 46 217 161 105 71 133 103 153 216 233 74 55 125 246 135 65 126 24 44 199 125 185 240 129 59 175 142 148 173 216 121 234 41 123 28 39 87 207 23 92 32 190 63 60 114 9 133 83 192 207 75 225 78 242 224 237 222 86 60 177 40 9 175 173 187 173 142 233 112 157 109 83 247 69 18 119 219 159 8 19 206 23 158 
62 206 82 6 53 245 159 103 181 158 90 124 212 103 173 190 104 116 23 225 130 204 119 219 159 8 19 186 247 81 231 168 165 244 157 186 148 10 215 230 130 252 208 232 47 195 5 152 238 191 52 59 230 129 121 234 41 125 39 131 99 201 25 83 139 88 238 193 128 164 165 12 221 247 156 250 132 231 128 191 103 50 179 139 235 129 84 129 114 45 99 154 22 183 167 230 163 62 104 114 140 167 239 183 205 15 18 57 151 19 190 222 24 22 148 124 127 154 58 74 80 215 194 179 230 135 40 202 126 251 118 205 11 74 62 63 153 216 233 74 26 248 33 226 210 224 228 242 128 142 243 179 160 248 252 203 88 119 217 203 
176 61 241 197 71 186 14 166 157 133 79 196 233 155 190 243 158 147 220 78 124 31 99 189 73 115 162 81 246 31 31 158 106 179 62 106 147 166 17 167 134 33 229 214 107 199 42 61 208 116 51 112 94 151 221 104 152 239 183 205 14 192 247 199 21 30 232 26 248 79 154 28 95 97 71 123 227 155 11 227 30 79 45 205 102 121 35 123 31 29 252 236 232 60 121 72 94 192 95 126 136 178 121 186 228 79 55 125 246 135 184 132 165 57 146 199 123 140 125 169 52 25 239 254 240 80 119 100 100 74 171 91 213 221 123 3 223 28 84 123 160 234 105 216 84 252 78 153 224 135 165 67 109 181 78 130 231 217 203 199 
42 109 201 204 159 2 103 125 187 152 186 97 26 120 98 27 189 252 255 104 47 9 229 143 56 95 130 214 107 235 61 39 39 51 122 177 222 111 37 209 148 125 135 151 89 175 154 28 95 92 10 164 11 145 110 200 200 107 207 54 122 207 33 147 57 227 144 110 9 129 158 19 153 110 39 148 12 230 92 171 122 207 168 78 120 11 231 161 61 236 51 195 113 74 153 228 114 28 95 68 243 144 67 91 19 119 191 158 65 223 111 154 8 60 16 237 212 160 95 75 243 67 236 246 179 203 165 111 205 228 144 203 83 140 167 84 221 247 225 229 130 29 95 60 75 130 29 246 249 161 216 50 42 201 223 111 154 28 130 26 
216 158 226 8 23 3 62 104 16 242 244 23 203 29 130 82 144 51 185 139 166 17 167 134 32 215 203 213 79 92 130 98 121 34 150 199 124 211 153 189 117 124 225 114 136 88 238 235 238 49 246 164 208 103 23 215 2 169 2 228 91 178 50 60 43 58 96 32 243 208 146 167 22 240 77 154 64 184 155 190 243 159 80 157 95 56 73 197 193 157 204 93 95 42 99 230 163 62 104 116 184 78 182 169 251 162 138 149 191 44 125 68 160 247 58 97 173 24 25 234 73 3 42 48 88 238 134 109 176 152 158 61 206 137 71 216 121 189 199 82 183 228 19 212 45 36 159 103 47 154 29 176 163 42 126 72 192 85 22 221 
218 38 181 187 6 69 89 59 237 243 67 166 17 167 134 32 215 210 206 198 101 43 127 52 60 221 89 89 78 169 225 16 210 6 122 94 121 170 204 165 111 214 53 248 237 140 208 47 46 179 94 58 12 239 183 155 222 28 153 75 24 19 236 229 243 67 198 60 136 215 203 171 91 158 61 198 62 212 154 12 226 200 37 232 16 221 247 225 224 135 144 211 215 165 96 63 3 62 63 191 75 119 149 160 136 239 126 186 190 140 62 206 94 110 169 144 185 225 146 149 49 225 89 230 85 149 58 73 26 240 151 9 212 90 199 119 95 75 128 163 30 74 159 101 38 66 204 38 239 191 15 168 148 30 44 143 207 1 122 101 
72 107 70 6 115 206 241 247 181 121 118 12 108 119 219 230 135 108 40 40 183 88 195 16 239 183 205 14 101 184 199 218 147 65 156 95 92 10 164 11 145 110 65 13 108 79 10 207 76 16 157 246 247 233 110 242 187 119 149 155 187 71 119 223 170 219 221 42 53 247 233 110 247 163 119 223 251 187 68 161 119 187 82 248 86 124 208 162 243 123 196 183 45 236 18 120 207 127 218 86 229 68 251 195 218 193 176 215 222 103 86 58 238 247 157 71 125 185 147 180 188 173 221 239 221 223 126 220 211 250 132 231 128 190 41 129 156 243 188 125 133 172 242 211 85 119 216 158 79 154 30 255 70 83 172 91 180 92 202 200 
202 117 251 57 125 229 118 133 202 176 242 169 5 22 57 41 55 121 91 187 223 187 190 253 123 223 95 215 158 255 118 142 239 43 55 125 227 119 222 47 70 243 188 95 247 202 224 202 156 91 222 128 130 10 122 251 195 153 103 86 242 189 107 62 206 95 52 61 253 134 97 221 246 249 161 229 115 216 76 214 130 247 246 17 167 134 33 223 111 191 169 236 237 212 226 222 254 57 48 72 141 126 241 18 129 89 73 175 121 160 247 40 199 35 154 253 226 36 60 169 141 141 222 247 113 85 187 65 187 202 231 176 153 173 5 239 236 35 79 12 67 190 222 253 15 124 117 193 113 208 123 252 105 216 84 253 238 116 196 251 
244 172 222 111 54 255 249 161 207 167 179 183 83 139 123 137 238 5 148 19 190 221 129 239 142 184 46 58 14 166 157 133 79 196 233 157 12 219 97 51 199 145 236 38 107 65 116 194 52 240 196 60 221 114 41 105 91 237 144 140 243 121 46 176 190 172 57 175 191 251 193 65 221 149 182 197 19 202 117 233 134 101 4 236 9 50 163 195 62 129 14 210 158 219 189 237 48 243 17 219 211 79 166 158 95 205 14 124 37 79 200 246 19 53 160 188 221 118 166 204 81 148 235 245 9 219 33 25 210 164 186 213 58 195 183 125 246 135 184 197 115 160 239 183 205 82 121 188 146 25 106 113 148 235 233 62 63 96 73 149 
30 26 250 95 30 226 22 169 41 96 142 242 224 230 189 30 65 223 111 154 28 95 92 10 164 11 145 110 37 41 129 102 62 206 95 52 61 207 99 148 211 176 124 166 15 61 69 47 155 174 212 217 138 50 157 121 226 149 191 161 106 156 111 77 124 43 56 190 164 202 86 253 47 205 82 125 156 164 242 244 23 210 252 208 235 24 98 139 116 200 193 187 222 254 198 181 129 120 156 220 203 157 246 249 161 229 185 111 126 93 90 220 241 238 49 246 164 208 103 77 57 101 142 221 247 218 29 48 141 60 49 14 251 118 7 190 58 224 184 232 58 154 118 21 63 19 166 122 79 154 29 34 65 233 124 90 221 46 19 160 
157 165 22 205 57 155 215 205 14 181 132 237 133 231 194 14 81 148 233 226 216 11 205 213 41 128 160 251 28 211 244 189 77 59 7 184 159 5 43 94 47 176 162 120 25 220 189 47 152 181 145 175 133 103 165 247 24 171 106 12 234 105 216 70 13 223 125 161 210 36 30 212 162 11 182 78 107 187 237 238 123 28 166 157 131 229 48 121 234 41 83 201 7 123 162 123 223 199 108 102 129 123 160 162 214 22 244 189 149 182 192 130 231 151 7 39 199 237 212 160 243 35 147 34 214 165 27 213 225 161 107 208 73 87 137 145 201 145 107 82 142 229 238 130 137 145 201 145 107 82 143 36 96 42 139 110 251 202 248 181 
188 225 2 124 208 247 255 120 40 59 178 182 216 162 121 78 190 237 62 59 101 23 107 205 213 41 49 59 237 242 91 242 13 211 170 53 238 163 176 96 41 41 67 61 160 155 22 59 158 119 205 14 65 179 90 11 165 209 58 86 251 237 212 211 176 124 166 4 241 103 86 254 104 121 234 41 90 248 86 124 208 239 154 5 207 59 230 135 179 171 96 186 93 19 165 109 59 237 243 67 207 81 75 230 235 181 54 98 140 167 93 223 125 161 208 95 134 11 49 223 110 202 219 96 65 115 173 97 59 97 121 240 129 60 89 213 191 154 30 122 138 95 73 213 243 201 12 30 82 146 143 176 221 239 57 80 92 12 247 65 
68 200 228 200 181 169 71 96 123 227 174 11 142 131 169 167 97 83 241 58 103 105 74 137 132 105 225 136 125 253 42 122 95 154 31 103 181 158 93 43 126 111 36 134 90 156 101 58 243 206 237 18 133 222 237 75 225 89 239 40 233 106 86 218 125 186 148 9 227 237 71 144 236 168 108 162 79 9 211 79 45 125 47 104 211 123 190 245 218 83 219 119 33 182 239 122 90 123 189 237 48 243 17 221 12 219 97 48 51 230 163 62 104 116 194 117 111 180 59 175 77 226 247 187 144 218 194 250 157 124 220 136 37 206 172 12 248 255 52 61 46 2 188 41 167 96 249 76 28 133 194 51 197 157 91 249 161 246 163 200 
120 190 164 221 247 218 30 255 141 13 233 247 189 222 208 112 47 106 80 141 126 158 88 148 4 215 193 14 175 157 134 31 31 199 33 112 140 239 183 143 115 216 229 52 236 31 41 131 205 228 185 210 178 157 90 243 205 159 31 230 135 158 162 151 205 215 106 108 197 25 78 188 133 194 49 175 151 170 158 188 224 200 19 166 19 171 125 149 182 197 19 202 117 240 159 52 58 154 118 15 148 193 231 168 165 79 168 148 31 84 222 129 118 5 74 195 190 106 23 230 135 165 192 73 149 149 22 242 227 1 110 251 237 15 7 160 89 142 251 114 27 88 95 83 170 119 94 229 212 65 124 208 242 2 166 84 47 169 36 12 
168 193 99 186 25 182 194 98 120 250 22 169 197 186 97 26 120 98 30 93 102 188 95 82 123 160 162 214 22 248 255 106 60 135 176 86 243 91 187 70 155 221 247 173 221 163 71 144 236 168 108 162 78 251 118 7 190 58 224 184 232 58 154 118 21 63 19 166 125 137 228 251 255 119 155 218 183 118 141 30 67 197 245 39 148 5 149 56 183 191 107 109 138 39 148 235 207 59 202 193 106 152 79 188 231 146 14 231 142 154 121 107 122 187 74 44 143 239 236 125 236 35 94 101 184 199 218 147 65 141 63 154 140 249 161 233 112 42 86 29 217 73 133 71 155 41 215 210 252 208 236 173 182 40 158 83 175 186 51 1 
47 125 188 116 5 65 59 237 238 122 92 78 47 195 69 172 119 75 162 97 158 44 234 223 143 161 106 190 244 157 186 148 11 207 59 230 135 75 240 208 65 59 237 247 240 68 22 251 25 103 148 234 155 189 239 153 107 103 41 60 221 114 148 206 100 250 22 171 238 221 74 4 241 208 21 4 239 183 180 28 11 218 148 39 125 186 93 19 165 111 205 200 130 92 234 202 86 254 63 205 15 161 106 190 247 86 79 77 126 104 122 92 10 149 135 118 82 97 81 230 202 117 241 103 86 254 104 117 205 123 65 192 189 169 71 60 82 183 238 39 185 203 41 214 45 241 254 104 116 191 13 4 59 237 229 111 86 191 52 58 
230 187 147 1 125 252 17 5 190 198 89 229 58 238 247 190 152 81 77 235 61 169 71 146 14 231 142 194 137 107 226 235 137 239 170 72 193 99 190 104 156 205 235 230 135 165 80 82 58 103 146 47 170 72 239 183 17 61 125 252 17 5 190 198 89 229 58 248 86 124 208 238 84 221 46 239 190 208 240 173 216 124 213 39 181 40 242 70 246 19 203 172 215 205 14 47 195 70 57 122 78 78 102 245 99 184 191 13 22 248 255 52 60 43 118 28 241 146 192 95 11 197 132 129 115 190 223 52 62 133 170 251 194 179 230 135 208 181 95 120 190 164 221 247 157 188 115 45 103 33 112 140 78 191 42 64 158 44 234 223 
205 15 161 106 190 249 160 67 203 171 91 158 60 121 1 83 41 214 45 200 109 97 125 78 189 165 43 111 35 64 211 238 191 52 58 230 189 160 224 94 212 163 119 223 104 125 11 84 226 222 110 187 83 102 40 202 117 247 19 176 211 9 210 152 47 7 194 177 59 175 205 82 125 140 172 137 2 228 91 236 66 252 48 89 156 215 230 135 27 108 39 151 171 158 41 91 248 252 133 196 236 52 199 205 15 75 129 82 176 238 202 76 42 60 217 78 190 15 115 103 205 14 229 77 210 248 39 50 179 230 135 81 47 185 83 116 173 123 175 205 14 185 175 104 56 23 181 40 107 230 228 65 46 117 101 43 127 31 239 30 
151 180 105 189 221 160 221 247 225 229 213 173 213 229 243 202 134 214 59 194 197 142 65 233 125 218 57 42 113 111 128 164 78 143 32 239 183 205 14 54 216 79 19 190 223 52 58 106 46 30 21 157 42 85 142 251 124 208 228 46 17 156 203 89 220 186 154 118 15 148 193 221 126 104 118 86 219 20 79 41 215 221 25 128 151 119 104 209 38 53 245 183 205 14 166 157 131 229 48 121 186 165 38 39 125 188 115 45 103 212 74 82 183 231 69 51 90 11 161 210 72 48 142 240 123 155 60 47 139 234 79 116 20 90 194 223 31 230 135 208 181 95 120 190 164 107 243 67 203 211 216 118 86 219 20 79 41 215 221 25 
128 151 210 121 29 149 181 6 115 206 249 161 246 114 147 237 19 199 46 251 124 208 234 105 216 62 83 6 239 127 9 186 177 175 173 190 104 117 52 236 31 41 131 205 213 41 49 59 237 227 160 42 9 223 111 115 210 226 119 95 28 161 148 100 241 156 169 189 101 226 21 187 4 248 255 52 62 133 170 251 197 245 35 95 154 30 237 66 4 239 183 40 101 70 83 175 73 198 96 32 206 121 223 52 62 133 170 97 59 237 217 91 108 8 46 118 84 72 48 23 186 17 41 91 249 162 115 55 174 34 122 247 61 46 120 33 243 67 164 72 55 123 248 210 73 25 78 189 246 249 161 230 228 65 46 117 101 43 127 127 
4 65 111 177 150 121 78 169 219 169 64 156 133 46 206 83 18 5 207 179 151 205 15 74 160 175 13 26 111 119 104 55 123 246 182 216 162 121 78 190 232 204 4 189 246 232 114 96 147 190 223 66 213 48 158 110 68 18 231 86 82 183 241 250 97 26 120 98 29 246 236 15 124 117 193 113 208 117 52 236 42 126 39 76 221 247 218 29 47 195 65 4 239 183 223 193 16 91 236 101 158 83 170 120 41 251 172 249 129 158 15 115 103 188 157 215 230 135 23 225 163 28 188 43 59 175 205 15 181 18 99 94 130 110 172 107 243 84 76 240 172 251 86 217 175 104 56 23 181 40 79 179 151 212 91 110 251 124 208 234 
105 216 62 83 7 146 17 60 103 104 47 39 189 238 236 168 144 96 47 10 206 66 72 165 96 46 202 76 42 60 216 25 226 206 173 248 229 12 163 35 95 154 30 72 68 241 158 59 117 40 23 148 50 140 156 241 74 223 184 158 231 44 167 88 183 199 249 161 202 25 70 77 222 246 123 155 62 241 221 126 104 124 11 154 246 131 129 123 82 142 149 37 90 11 236 101 158 83 170 120 33 238 179 230 6 125 156 188 47 115 96 46 202 137 6 2 239 183 222 154 15 123 221 192 100 100 100 100 100 100 100 100 100 100 100 100 100 100 100 100 100 100 100 100 100 100 100 100 100 100 100 100 100 100 100 100 100 100 100 100 
217 186 170 215 102 198 201 142 141 140 92 99 5 208 233 160 88 220 47 105 13 164 33 28 64 44 147 50 198 216 85 79 65 102 176 96 169 57 38 105 10 130 24 6 87 242 116 30 211 39 236 191 164 248 69 222 245 251 202 91 72 61 61 29 205 231 18 166 41 21 123 209 175 146 213 117 46 11 3 211 78 212 126 214 123 145 31 155 142 160 209 119 232 229 40 131 89 193 50 238 192 228 87 217 236 221 139 38 141 134 228 24 28 232 24 175 197 114 89 177 8 0 70 5 86 156 178 161 24 2 104 113 180 42 141 76 51 10 70 236 199 127 40 246 62 81 1 114 202 203 234 126 220 67 238 97 83 137 2 253 
107 98 138 86 57 112 209 35 164 43 100 56 85 230 78 209 208 142 166 204 96 3 213 71 130 142 186 26 118 135 202 93 52 228 212 41 209 104 43 54 149 242 205 150 104 217 64 191 238 42 37 245 108 158 218 48 194 37 186 200 253 75 160 9 234 116 230 131 202 220 164 36 177 67 115 101 75 251 214 221 174 167 108 150 152 58 2 36 90 150 128 50 163 134 223 104 101 9 139 23 238 195 118 243 31 197 184 84 83 135 128 236 237 60 82 59 250 134 20 14 13 74 249 115 157 90 143 30 173 39 179 211 25 18 91 30 223 98 198 3 30 105 226 58 39 47 139 224 202 185 174 183 212 238 195 40 39 205 61 65 
178 241 129 113 181 193 140 216 53 31 211 43 204 73 238 129 97 66 17 109 203 5 41 232 147 153 189 183 179 191 56 192 162 184 177 118 214 87 40 252 147 211 45 218 232 110 137 87 14 244 1 139 21 211 34 248 143 115 228 211 188 64 245 249 98 197 239 21 163 26 186 166 173 107 196 126 66 41 203 14 8 53 37 26 66 244 122 119 253 250 176 205 157 239 29 109 39 102 123 55 135 252 72 33 160 98 234 82 234 224 181 51 150 248 221 223 164 19 128 58 218 99 158 162 230 9 117 41 73 85 115 216 206 253 35 47 62 5 206 56 135 235 187 221 109 49 198 214 254 70 79 126 168 177 220 63 5 237 233 122 