149
2 3 4 5 6 7 8 9 10 11 12 13 14 15 16 17 18 19 20 21 22 23 24 25 26 27 28 29 30 31 32 33 34 35 36 37 38 39 40 41 42 43 44 45 46 47 48 49 50 51 52 53 54 55 56 57 58 59 60 61 62 63 64 65 66 67 68 69 70 71 72 73 74 75 76 77 78 79 80 81 82 83 84 85 86 87 88 89 90 91 92 93 94 95 96 97 98 99 100 101 102 103 104 105 106 107 108 109 110 111 112 113 114 115 116 117 118 119 120 121 122 123 124 125 126 127 128 129 130 131 132 133 134 135 136 137 138 139 140 141 142 143 144 145 146 147 148 149 150 151 152 153 154 155 156 157 158 159 160 
41 218 167 45 59 59 116 29 8 39 91 32 47 62 174 52 241 86 103 181 109 91 166 118 110 231 30 184 7 80 212 71 44 175 162 224 111 129 189 152 23 153 180 18 36 70 238 190 88 186 223 11 23 173 49 110 55 127 98 8 143 163 36 242 117 166 46 85 242 6 248 153 165 124 25 130 158 202 79 67 237 166 113 10 254 31 31 23 34 57 93 56 155 133 86 103 102 38 187 230 248 115 118 182 93 178 219 118 188 161 161 174 123 134 133 105 105 125 123 58 144 186 120 251 137 86 9 180 110 6 35 133 118 57 219 154 196 213 152 187 33 8 134 239 187 41 150 215 221 110 33 123 161 154 130 253 121 175 150 23 
591 592 593 594 595 596 597 598 599 600 2511 2512 2513 2514 2515 2516 2517 2518 2519 2520 4871 4872 4873 4874 4875 4876 4877 4878 4879 4880 7351 7352 7353 7354 7355 7356 7357 7358 7359 7360 23671 23672 23673 23674 23675 23676 23677 23678 23679 23680 24291 24292 24293 24294 24295 24296 24297 24298 24299 24300 29391 29392 29393 29394 29395 29396 29397 29398 29399 29400 33631 33632 33633 33634 33635 33636 33637 33638 33639 33640 35991 35992 35993 35994 35995 35996 35997 35998 35999 36000 37851 37852 37853 37854 37855 37856 37857 37858 37859 37860 38341 38342 38343 38344 38345 38346 38347 38348 38349 38350 40541 40542 40543 40544 40545 40546 40547 40548 40549 40550 52321 52322 52323 52324 52325 52326 52327 52328 52329 52330 54901 54902 54903 54904 54905 54906 54907 54908 54909 54910 58121 58122 58123 58124 58125 58126 58127 58128 58129 58130 61611 61612 61613 61614 61615 61616 61617 61618 61619 61620 
119
2 3 4 5 6 7 8 9 10 11 12 13 14 15 16 17 18 19 20 21 22 23 24 25 26 27 28 29 30 31 32 33 34 35 36 37 38 39 40 41 42 43 44 45 46 47 48 49 50 51 52 53 54 55 56 57 58 59 60 61 62 63 64 65 66 67 68 69 70 71 72 73 74 75 76 77 78 79 80 81 82 83 84 85 86 87 88 89 90 91 92 93 94 95 96 97 98 99 100 101 102 103 104 105 106 107 108 109 110 111 112 113 114 115 116 117 118 119 120 121 122 123 124 125 126 127 128 129 130 131 132 133 134 135 136 137 138 139 140 141 142 143 144 145 146 147 148 149 150 151 152 153 154 155 156 157 158 159 160 
113 152 121 79 78 28 251 184 118 245 118 103 74 122 132 217 186 41 160 73 180 218 102 230 20 31 238 141 102 35 118 35 154 92 141 147 26 159 28 233 230 251 31 111 158 66 178 221 75 66 182 38 154 182 153 199 249 81 22 111 102 21 141 238 198 174 223 155 145 26 143 188 174 100 39 181 145 90 123 178 127 134 230 127 183 41 150 15 163 226 230 95 196 177 241 47 119 187 134 81 154 90 220 39 215 131 72 199 58 110 237 94 216 201 13 199 247 182 22 219 203 146 109 146 232 40 88 99 220 246 175 52 201 90 241 122 110 36 41 128 84 183 215 156 162 233 112 174 159 225 217 48 140 216 119 231 109 105 45 110 
2411 2412 2413 2414 2415 2416 2417 2418 2419 2420 5871 5872 5873 5874 5875 5876 5877 5878 5879 5880 6491 6492 6493 6494 6495 6496 6497 6498 6499 6500 8251 8252 8253 8254 8255 8256 8257 8258 8259 8260 11741 11742 11743 11744 11745 11746 11747 11748 11749 11750 16161 16162 16163 16164 16165 16166 16167 16168 16169 16170 21031 21032 21033 21034 21035 21036 21037 21038 21039 21040 26251 26252 26253 26254 26255 26256 26257 26258 26259 26260 32711 32712 32713 32714 32715 32716 32717 32718 32719 32720 38191 38192 38193 38194 38195 38196 38197 38198 38199 38200 45481 45482 45483 45484 45485 45486 45487 45488 45489 45490 46041 46042 46043 46044 46045 46046 46047 46048 46049 46050 50331 50332 50333 50334 50335 50336 50337 50338 50339 50340 50931 50932 50933 50934 50935 50936 50937 50938 50939 50940 58281 58282 58283 58284 58285 58286 58287 58288 58289 58290 61971 61972 61973 61974 61975 61976 61977 61978 61979 61980 
191
2 3 4 5 6 7 8 9 10 11 12 13 14 15 16 17 18 19 20 21 22 23 24 25 26 27 28 29 30 31 32 33 34 35 36 37 38 39 40 41 42 43 44 45 46 47 48 49 50 51 52 53 54 55 56 57 58 59 60 61 62 63 64 65 66 67 68 69 70 71 72 73 74 75 76 77 78 79 80 81 82 83 84 85 86 87 88 89 90 91 92 93 94 95 96 97 98 99 100 101 102 103 104 105 106 107 108 109 110 111 112 113 114 115 116 117 118 119 120 121 122 123 124 125 126 127 128 129 130 131 132 133 134 135 136 137 138 139 140 141 142 143 144 145 146 147 148 149 150 151 152 153 154 155 156 157 158 159 160 
223 137 72 38 98 228 222 217 251 96 102 12 182 31 174 6 147 182 159 136 43 98 194 125 85 111 166 141 147 11 57 237 230 167 152 126 62 6 21 77 43 74 88 21 246 201 154 190 27 119 237 164 23 65 107 154 118 253 119 126 231 214 218 100 166 249 140 246 21 44 178 103 120 62 110 146 79 73 110 110 54 218 100 47 40 178 225 26 216 46 27 126 127 122 142 153 100 135 198 71 62 70 140 173 196 88 183 247 250 212 38 120 223 132 198 235 140 74 41 115 118 112 135 93 185 251 115 129 46 220 116 164 152 111 111 78 7 118 194 187 134 61 52 43 159 17 167 184 201 244 138 38 158 11 110 27 87 251 186 251 
261 262 263 264 265 266 267 268 269 270 2031 2032 2033 2034 2035 2036 2037 2038 2039 2040 3001 3002 3003 3004 3005 3006 3007 3008 3009 3010 8541 8542 8543 8544 8545 8546 8547 8548 8549 8550 10001 10002 10003 10004 10005 10006 10007 10008 10009 10010 15361 15362 15363 15364 15365 15366 15367 15368 15369 15370 30341 30342 30343 30344 30345 30346 30347 30348 30349 30350 30981 30982 30983 30984 30985 30986 30987 30988 30989 30990 31031 31032 31033 31034 31035 31036 31037 31038 31039 31040 35091 35092 35093 35094 35095 35096 35097 35098 35099 35100 37461 37462 37463 37464 37465 37466 37467 37468 37469 37470 40721 40722 40723 40724 40725 40726 40727 40728 40729 40730 41221 41222 41223 41224 41225 41226 41227 41228 41229 41230 47721 47722 47723 47724 47725 47726 47727 47728 47729 47730 52161 52162 52163 52164 52165 52166 52167 52168 52169 52170 59811 59812 59813 59814 59815 59816 59817 59818 59819 59820 
130
2 3 4 5 6 7 8 9 10 11 12 13 14 15 16 17 18 19 20 21 22 23 24 25 26 27 28 29 30 31 32 33 34 35 36 37 38 39 40 41 42 43 44 45 46 47 48 49 50 51 52 53 54 55 56 57 58 59 60 61 62 63 64 65 66 67 68 69 70 71 72 73 74 75 76 77 78 79 80 81 82 83 84 85 86 87 88 89 90 91 92 93 94 95 96 97 98 99 100 101 102 103 104 105 106 107 108 109 110 111 112 113 114 115 116 117 118 119 120 121 122 123 124 125 126 127 128 129 130 131 132 133 134 135 136 137 138 139 140 141 142 143 144 145 146 147 148 149 150 151 152 153 154 155 156 157 158 159 160 
180 188 124 222 175 29 33 199 97 244 198 182 91 55 174 97 199 90 86 143 235 127 65 219 41 175 130 134 145 100 118 98 23 127 87 236 183 118 249 25 2 246 5 183 108 248 127 143 166 191 110 231 216 7 182 112 161 146 14 91 81 77 155 105 186 173 209 27 183 235 244 126 208 237 241 182 68 122 200 119 198 175 177 132 110 210 83 129 154 167 202 121 203 88 244 154 109 220 244 56 185 114 8 244 186 74 102 59 230 45 73 163 142 85 102 175 190 25 119 185 150 217 177 187 110 116 38 187 154 112 110 96 186 180 118 99 13 177 130 62 242 105 166 126 26 161 53 197 183 117 109 223 136 110 142 113 220 237 144 174 
2061 2062 2063 2064 2065 2066 2067 2068 2069 2070 6641 6642 6643 6644 6645 6646 6647 6648 6649 6650 7851 7852 7853 7854 7855 7856 7857 7858 7859 7860 9391 9392 9393 9394 9395 9396 9397 9398 9399 9400 9501 9502 9503 9504 9505 9506 9507 9508 9509 9510 19021 19022 19023 19024 19025 19026 19027 19028 19029 19030 28531 28532 28533 28534 28535 28536 28537 28538 28539 28540 31241 31242 31243 31244 31245 31246 31247 31248 31249 31250 32831 32832 32833 32834 32835 32836 32837 32838 32839 32840 33921 33922 33923 33924 33925 33926 33927 33928 33929 33930 34611 34612 34613 34614 34615 34616 34617 34618 34619 34620 35741 35742 35743 35744 35745 35746 35747 35748 35749 35750 43551 43552 43553 43554 43555 43556 43557 43558 43559 43560 52381 52382 52383 52384 52385 52386 52387 52388 52389 52390 53001 53002 53003 53004 53005 53006 53007 53008 53009 53010 57841 57842 57843 57844 57845 57846 57847 57848 57849 57850 
152
2 3 4 5 6 7 8 9 10 11 12 13 14 15 16 17 18 19 20 21 22 23 24 25 26 27 28 29 30 31 32 33 34 35 36 37 38 39 40 41 42 43 44 45 46 47 48 49 50 51 52 53 54 55 56 57 58 59 60 61 62 63 64 65 66 67 68 69 70 71 72 73 74 75 76 77 78 79 80 81 82 83 84 85 86 87 88 89 90 91 92 93 94 95 96 97 98 99 100 101 102 103 104 105 106 107 108 109 110 111 112 113 114 115 116 117 118 119 120 121 122 123 124 125 126 127 128 129 130 131 132 133 134 135 136 137 138 139 140 141 142 143 144 145 146 147 148 149 150 151 152 153 154 155 156 157 158 159 160 
163 29 107 107 166 125 228 44 178 224 91 100 226 18 123 94 206 118 10 233 251 221 90 166 196 133 215 189 11 27 56 35 66 166 253 29 91 56 167 109 187 77 251 142 100 9 76 22 239 172 50 76 239 71 239 91 90 208 130 211 159 131 53 58 239 161 89 201 49 59 82 198 103 77 183 223 187 113 58 146 186 202 242 225 25 105 227 164 53 132 183 17 70 239 184 242 26 96 237 209 244 150 6 209 107 74 99 119 190 180 19 31 250 23 158 173 230 9 88 187 129 231 224 217 174 79 154 71 116 122 195 93 143 187 110 236 113 146 126 120 231 133 54 185 182 215 59 80 223 103 13 196 241 251 157 95 94 248 115 119 
2241 2242 2243 2244 2245 2246 2247 2248 2249 2250 9841 9842 9843 9844 9845 9846 9847 9848 9849 9850 11531 11532 11533 11534 11535 11536 11537 11538 11539 11540 12831 12832 12833 12834 12835 12836 12837 12838 12839 12840 20071 20072 20073 20074 20075 20076 20077 20078 20079 20080 24841 24842 24843 24844 24845 24846 24847 24848 24849 24850 31001 31002 31003 31004 31005 31006 31007 31008 31009 31010 35171 35172 35173 35174 35175 35176 35177 35178 35179 35180 47281 47282 47283 47284 47285 47286 47287 47288 47289 47290 53741 53742 53743 53744 53745 53746 53747 53748 53749 53750 53801 53802 53803 53804 53805 53806 53807 53808 53809 53810 59171 59172 59173 59174 59175 59176 59177 59178 59179 59180 61521 61522 61523 61524 61525 61526 61527 61528 61529 61530 62481 62482 62483 62484 62485 62486 62487 62488 62489 62490 63171 63172 63173 63174 63175 63176 63177 63178 63179 63180 63251 63252 63253 63254 63255 63256 63257 63258 63259 63260 
0 0 0 0 0 0 0 0 0 0 0 0 0 0 0 0 0 0 0 0 56 181 142 236 173 182 4 23 58 97 0 0 0 0 0 0 0 0 0 0 0 0 0 0 0 0 0 0 0 0 0 0 0 0 0 0 0 0 0 0 0 0 0 0 0 0 0 0 0 0 0 0 0 0 0 0 0 0 0 0 0 0 0 0 0 0 0 0 0 0 0 0 0 0 0 0 0 0 0 0 0 0 0 0 0 0 0 0 0 0 0 0 0 0 0 0 0 0 0 0 0 0 0 0 0 0 0 0 0 0 0 0 0 0 0 0 0 0 0 0 0 0 0 0 0 0 0 0 0 0 0 0 0 0 0 0 0 0 0 0 
1 2 3 4 5 6 7 8 9 10 11 12 13 14 15 16 17 18 19 20 31 32 33 34 35 36 37 38 39 40 41 42 43 44 45 46 47 48 49 50 51 52 53 54 55 56 57 58 59 60 61 62 63 64 65 66 67 68 69 70 71 72 73 74 75 76 77 78 79 80 81 82 83 84 85 86 87 88 89 90 91 92 93 94 95 96 97 98 99 100 101 102 103 104 105 106 107 108 109 110 111 112 113 114 115 116 117 118 119 120 121 122 123 124 125 126 127 128 129 130 131 132 133 134 135 136 137 138 139 140 141 142 143 144 145 146 147 148 149 150 151 152 153 154 155 156 157 158 159 160 
194 107 139 17 166 254 119 183 93 112 178 115 77 126 126 25 150 122 45 157 215 78 251 167 17 223 246 240 105 128 251 111 134 175 62 216 40 173 25 158 226 208 221 198 109 221 28 190 222 123 129 188 123 190 100 114 237 33 225 122 94 234 220 66 208 141 100 187 47 156 226 29 35 114 249 166 96 78 61 191 88 114 74 156 143 120 225 246 159 31 187 145 249 95 114 154 88 94 12 162 203 33 70 208 235 96 183 234 97 174 22 241 238 228 24 239 147 173 117 188 195 70 224 248 218 212 228 185 109 98 100 91 135 103 36 188 174 199 142 253 164 46 31 175 92 184 212 178 19 187 
4251 4252 4253 4254 4255 4256 4257 4258 4259 4260 4591 4592 4593 4594 4595 4596 4597 4598 4599 4600 5041 5042 5043 5044 5045 5046 5047 5048 5049 5050 7751 7752 7753 7754 7755 7756 7757 7758 7759 7760 13021 13022 13023 13024 13025 13026 13027 13028 13029 13030 13671 13672 13673 13674 13675 13676 13677 13678 13679 13680 19741 19742 19743 19744 19745 19746 19747 19748 19749 19750 20091 20092 20093 20094 20095 20096 20097 20098 20099 20100 21511 21512 21513 21514 21515 21516 21517 21518 21519 21520 23231 23232 23233 23234 23235 23236 23237 23238 23239 23240 35041 35042 35043 35044 35045 35046 35047 35048 35049 35050 38111 38112 38113 38114 38115 38116 38117 38118 38119 38120 39151 39152 39153 39154 39155 39156 39157 39158 39159 39160 54141 54142 54143 54144 54145 54146 54147 54148 54149 54150 59511 59512 59513 59514 59515 59516 59517 59518 59519 59520 
242
2 3 4 5 6 7 8 9 10 11 12 13 14 15 16 17 18 19 20 21 22 23 24 25 26 27 28 29 30 31 32 33 34 35 36 37 38 39 40 41 42 43 44 45 46 47 48 49 50 51 52 53 54 55 56 57 58 59 60 61 62 63 64 65 66 67 68 69 70 71 72 73 74 75 76 77 78 79 80 81 82 83 84 85 86 87 88 89 90 91 92 93 94 95 96 97 98 99 100 101 102 103 104 105 106 107 108 109 110 111 112 113 114 115 116 117 118 119 120 121 122 123 124 125 126 127 128 129 130 131 132 133 134 135 136 137 138 139 140 141 142 143 144 145 146 147 148 149 150 151 152 153 154 155 156 157 158 159 160 
223 164 20 141 28 187 215 239 125 40 233 93 64 183 167 127 64 167 214 159 251 109 247 183 196 95 133 182 94 79 152 111 147 167 77 161 105 192 188 182 246 47 156 74 253 213 134 211 115 90 93 218 153 33 219 184 68 239 90 175 206 125 141 149 167 20 164 150 122 107 154 111 114 175 97 161 120 218 250 70 202 221 226 219 105 16 126 10 99 30 103 147 46 111 129 177 230 240 26 242 181 248 153 45 145 166 174 65 114 201 246 1 149 223 72 47 91 159 46 184 237 153 166 162 16 139 134 212 59 43 194 238 100 60 117 239 153 247 236 82 186 232 161 126 70 157 102 28 155 133 30 58 196 173 184 78 125 123 100 32 
1061 1062 1063 1064 1065 1066 1067 1068 1069 1070 3581 3582 3583 3584 3585 3586 3587 3588 3589 3590 7351 7352 7353 7354 7355 7356 7357 7358 7359 7360 12471 12472 12473 12474 12475 12476 12477 12478 12479 12480 25851 25852 25853 25854 25855 25856 25857 25858 25859 25860 28931 28932 28933 28934 28935 28936 28937 28938 28939 28940 30491 30492 30493 30494 30495 30496 30497 30498 30499 30500 32121 32122 32123 32124 32125 32126 32127 32128 32129 32130 35331 35332 35333 35334 35335 35336 35337 35338 35339 35340 41281 41282 41283 41284 41285 41286 41287 41288 41289 41290 42141 42142 42143 42144 42145 42146 42147 42148 42149 42150 43611 43612 43613 43614 43615 43616 43617 43618 43619 43620 47771 47772 47773 47774 47775 47776 47777 47778 47779 47780 50061 50062 50063 50064 50065 50066 50067 50068 50069 50070 53271 53272 53273 53274 53275 53276 53277 53278 53279 53280 53491 53492 53493 53494 53495 53496 53497 53498 53499 53500 
77
2 3 4 5 6 7 8 9 10 11 12 13 14 15 16 17 18 19 20 21 22 23 24 25 26 27 28 29 30 31 32 33 34 35 36 37 38 39 40 41 42 43 44 45 46 47 48 49 50 51 52 53 54 55 56 57 58 59 60 61 62 63 64 65 66 67 68 69 70 71 72 73 74 75 76 77 78 79 80 81 82 83 84 85 86 87 88 89 90 91 92 93 94 95 96 97 98 99 100 101 102 103 104 105 106 107 108 109 110 111 112 113 114 115 116 117 118 119 120 121 122 123 124 125 126 127 128 129 130 131 132 133 134 135 136 137 138 139 140 141 142 143 144 145 146 147 148 149 150 151 152 153 154 155 156 157 158 159 160 
212 69 166 247 134 107 163 218 94 108 230 87 136 77 134 254 36 128 166 188 136 128 178 216 230 107 79 15 156 127 199 88 88 187 57 62 146 230 223 232 174 9 200 210 89 241 135 152 237 123 86 250 77 103 173 245 79 58 116 150 95 92 186 188 134 162 250 79 72 109 194 96 183 186 118 14 33 50 241 62 178 218 87 220 220 188 159 251 89 16 200 25 242 241 157 118 202 126 166 157 183 160 138 238 17 241 109 123 105 237 216 161 44 178 49 184 114 14 251 126 209 167 203 64 185 124 223 178 159 177 111 183 220 32 121 27 160 194 206 87 81 131 116 98 118 187 159 126 24 227 188 162 124 180 83 105 123 120 236 71 
2981 2982 2983 2984 2985 2986 2987 2988 2989 2990 10211 10212 10213 10214 10215 10216 10217 10218 10219 10220 24171 24172 24173 24174 24175 24176 24177 24178 24179 24180 27751 27752 27753 27754 27755 27756 27757 27758 27759 27760 33981 33982 33983 33984 33985 33986 33987 33988 33989 33990 37951 37952 37953 37954 37955 37956 37957 37958 37959 37960 41261 41262 41263 41264 41265 41266 41267 41268 41269 41270 44971 44972 44973 44974 44975 44976 44977 44978 44979 44980 45261 45262 45263 45264 45265 45266 45267 45268 45269 45270 51551 51552 51553 51554 51555 51556 51557 51558 51559 51560 52431 52432 52433 52434 52435 52436 52437 52438 52439 52440 53831 53832 53833 53834 53835 53836 53837 53838 53839 53840 57131 57132 57133 57134 57135 57136 57137 57138 57139 57140 59851 59852 59853 59854 59855 59856 59857 59858 59859 59860 61421 61422 61423 61424 61425 61426 61427 61428 61429 61430 62461 62462 62463 62464 62465 62466 62467 62468 62469 62470 
39
2 3 4 5 6 7 8 9 10 11 12 13 14 15 16 17 18 19 20 21 22 23 24 25 26 27 28 29 30 31 32 33 34 35 36 37 38 39 40 41 42 43 44 45 46 47 48 49 50 51 52 53 54 55 56 57 58 59 60 61 62 63 64 65 66 67 68 69 70 71 72 73 74 75 76 77 78 79 80 81 82 83 84 85 86 87 88 89 90 91 92 93 94 95 96 97 98 99 100 101 102 103 104 105 106 107 108 109 110 111 112 113 114 115 116 117 118 119 120 121 122 123 124 125 126 127 128 129 130 131 132 133 134 135 136 137 138 139 140 141 142 143 144 145 146 147 148 149 150 151 152 153 154 155 156 157 158 159 160 
254 250 70 164 90 238 8 102 99 157 108 189 152 89 152 78 56 105 110 121 66 182 182 122 245 113 115 75 154 221 196 158 10 222 183 38 215 121 127 80 55 237 225 181 217 118 99 130 107 77 131 101 115 138 214 20 233 74 238 27 32 224 158 254 230 96 241 1 155 172 230 6 184 184 175 129 212 72 174 71 122 247 142 81 200 182 124 7 99 232 234 210 237 15 190 96 70 121 155 222 43 161 217 231 59 26 84 248 111 145 190 160 183 22 102 200 56 231 22 191 218 238 13 96 28 186 97 62 102 152 154 250 157 32 153 164 203 153 123 115 180 186 145 22 111 146 44 234 127 145 29 124 163 99 121 182 254 74 246 160 
3071 3072 3073 3074 3075 3076 3077 3078 3079 3080 10161 10162 10163 10164 10165 10166 10167 10168 10169 10170 10671 10672 10673 10674 10675 10676 10677 10678 10679 10680 13841 13842 13843 13844 13845 13846 13847 13848 13849 13850 15941 15942 15943 15944 15945 15946 15947 15948 15949 15950 24421 24422 24423 24424 24425 24426 24427 24428 24429 24430 24911 24912 24913 24914 24915 24916 24917 24918 24919 24920 26611 26612 26613 26614 26615 26616 26617 26618 26619 26620 31491 31492 31493 31494 31495 31496 31497 31498 31499 31500 31861 31862 31863 31864 31865 31866 31867 31868 31869 31870 41401 41402 41403 41404 41405 41406 41407 41408 41409 41410 43291 43292 43293 43294 43295 43296 43297 43298 43299 43300 47821 47822 47823 47824 47825 47826 47827 47828 47829 47830 55611 55612 55613 55614 55615 55616 55617 55618 55619 55620 61251 61252 61253 61254 61255 61256 61257 61258 61259 61260 62821 62822 62823 62824 62825 62826 62827 62828 62829 62830 
197
2 3 4 5 6 7 8 9 10 11 12 13 14 15 16 17 18 19 20 21 22 23 24 25 26 27 28 29 30 31 32 33 34 35 36 37 38 39 40 41 42 43 44 45 46 47 48 49 50 51 52 53 54 55 56 57 58 59 60 61 62 63 64 65 66 67 68 69 70 71 72 73 74 75 76 77 78 79 80 81 82 83 84 85 86 87 88 89 90 91 92 93 94 95 96 97 98 99 100 101 102 103 104 105 106 107 108 109 110 111 112 113 114 115 116 117 118 119 120 121 122 123 124 125 126 127 128 129 130 131 132 133 134 135 136 137 138 139 140 141 142 143 144 145 146 147 148 149 150 151 152 153 154 155 156 157 158 159 160 
131 163 86 188 110 120 114 217 14 203 7 59 175 163 215 227 38 124 78 203 137 38 227 239 126 28 70 135 26 182 115 180 234 223 186 201 199 79 146 196 2 230 95 241 111 58 107 100 231 187 17 118 105 188 138 218 119 200 235 96 153 210 14 117 49 190 239 78 127 149 55 30 212 121 135 183 44 129 194 239 237 227 27 160 98 25 225 189 111 94 146 85 68 167 222 126 163 180 111 189 153 215 226 100 182 55 39 214 174 4 208 174 140 166 91 74 8 167 214 152 48 43 185 97 24 111 90 241 173 245 68 251 101 156 160 175 173 125 88 159 208 128 96 178 91 139 43 189 135 126 72 230 124 144 221 55 135 249 215 169 
1851 1852 1853 1854 1855 1856 1857 1858 1859 1860 11001 11002 11003 11004 11005 11006 11007 11008 11009 11010 13441 13442 13443 13444 13445 13446 13447 13448 13449 13450 16441 16442 16443 16444 16445 16446 16447 16448 16449 16450 16751 16752 16753 16754 16755 16756 16757 16758 16759 16760 20311 20312 20313 20314 20315 20316 20317 20318 20319 20320 22701 22702 22703 22704 22705 22706 22707 22708 22709 22710 23281 23282 23283 23284 23285 23286 23287 23288 23289 23290 28451 28452 28453 28454 28455 28456 28457 28458 28459 28460 32221 32222 32223 32224 32225 32226 32227 32228 32229 32230 35551 35552 35553 35554 35555 35556 35557 35558 35559 35560 40491 40492 40493 40494 40495 40496 40497 40498 40499 40500 43371 43372 43373 43374 43375 43376 43377 43378 43379 43380 47441 47442 47443 47444 47445 47446 47447 47448 47449 47450 61311 61312 61313 61314 61315 61316 61317 61318 61319 61320 62631 62632 62633 62634 62635 62636 62637 62638 62639 62640 
60
2 3 4 5 6 7 8 9 10 11 12 13 14 15 16 17 18 19 20 21 22 23 24 25 26 27 28 29 30 31 32 33 34 35 36 37 38 39 40 41 42 43 44 45 46 47 48 49 50 51 52 53 54 55 56 57 58 59 60 61 62 63 64 65 66 67 68 69 70 71 72 73 74 75 76 77 78 79 80 81 82 83 84 85 86 87 88 89 90 91 92 93 94 95 96 97 98 99 100 101 102 103 104 105 106 107 108 109 110 111 112 113 114 115 116 117 118 119 120 121 122 123 124 125 126 127 128 129 130 131 132 133 134 135 136 137 138 139 140 141 142 143 144 145 146 147 148 149 150 151 152 153 154 155 156 157 158 159 160 
110 123 180 50 121 214 228 111 93 202 25 123 110 35 119 30 254 122 152 231 66 118 72 226 251 143 107 174 127 104 114 250 217 175 66 116 18 251 102 230 188 135 201 199 119 142 86 75 188 117 124 174 221 160 166 124 164 248 228 97 73 167 108 71 239 45 215 26 79 130 78 196 43 182 121 100 200 163 71 219 52 188 47 159 141 187 144 91 30 74 141 166 24 77 180 164 54 251 54 123 218 95 7 182 230 244 222 209 226 18 46 223 226 38 141 214 36 138 71 66 219 72 17 125 237 23 249 102 238 103 14 161 213 76 152 251 231 102 200 74 159 144 160 130 45 8 166 230 127 95 238 16 111 164 251 100 107 90 234 15 
3031 3032 3033 3034 3035 3036 3037 3038 3039 3040 3501 3502 3503 3504 3505 3506 3507 3508 3509 3510 9111 9112 9113 9114 9115 9116 9117 9118 9119 9120 12781 12782 12783 12784 12785 12786 12787 12788 12789 12790 13581 13582 13583 13584 13585 13586 13587 13588 13589 13590 14861 14862 14863 14864 14865 14866 14867 14868 14869 14870 20771 20772 20773 20774 20775 20776 20777 20778 20779 20780 21071 21072 21073 21074 21075 21076 21077 21078 21079 21080 24291 24292 24293 24294 24295 24296 24297 24298 24299 24300 31721 31722 31723 31724 31725 31726 31727 31728 31729 31730 32181 32182 32183 32184 32185 32186 32187 32188 32189 32190 36101 36102 36103 36104 36105 36106 36107 36108 36109 36110 37641 37642 37643 37644 37645 37646 37647 37648 37649 37650 40711 40712 40713 40714 40715 40716 40717 40718 40719 40720 44041 44042 44043 44044 44045 44046 44047 44048 44049 44050 44111 44112 44113 44114 44115 44116 44117 44118 44119 44120 
60
2 3 4 5 6 7 8 9 10 11 12 13 14 15 16 17 18 19 20 21 22 23 24 25 26 27 28 29 30 31 32 33 34 35 36 37 38 39 40 41 42 43 44 45 46 47 48 49 50 51 52 53 54 55 56 57 58 59 60 61 62 63 64 65 66 67 68 69 70 71 72 73 74 75 76 77 78 79 80 81 82 83 84 85 86 87 88 89 90 91 92 93 94 95 96 97 98 99 100 101 102 103 104 105 106 107 108 109 110 111 112 113 114 115 116 117 118 119 120 121 122 123 124 125 126 127 128 129 130 131 132 133 134 135 136 137 138 139 140 141 142 143 144 145 146 147 148 149 150 151 152 153 154 155 156 157 158 159 160 
180 82 70 119 102 234 82 40 127 174 138 173 250 36 143 145 73 222 86 108 238 177 198 182 117 118 154 75 135 83 5 239 149 180 38 164 167 110 88 186 96 184 76 154 202 111 10 228 164 114 189 189 8 183 155 78 206 115 113 227 72 28 25 181 159 56 250 251 120 44 45 234 237 108 219 108 129 73 219 68 233 120 29 73 155 163 118 216 132 139 221 93 152 199 91 24 22 188 239 142 161 114 57 58 119 249 182 24 97 105 165 185 188 124 134 52 117 248 109 111 211 38 24 218 84 141 244 186 245 143 99 164 186 130 230 200 212 91 125 87 218 161 185 129 98 22 153 26 178 108 203 39 47 92 188 38 199 203 153 43 
4551 4552 4553 4554 4555 4556 4557 4558 4559 4560 8841 8842 8843 8844 8845 8846 8847 8848 8849 8850 10231 10232 10233 10234 10235 10236 10237 10238 10239 10240 11561 11562 11563 11564 11565 11566 11567 11568 11569 11570 16081 16082 16083 16084 16085 16086 16087 16088 16089 16090 27141 27142 27143 27144 27145 27146 27147 27148 27149 27150 33111 33112 33113 33114 33115 33116 33117 33118 33119 33120 40741 40742 40743 40744 40745 40746 40747 40748 40749 40750 42321 42322 42323 42324 42325 42326 42327 42328 42329 42330 43211 43212 43213 43214 43215 43216 43217 43218 43219 43220 46321 46322 46323 46324 46325 46326 46327 46328 46329 46330 49161 49162 49163 49164 49165 49166 49167 49168 49169 49170 49211 49212 49213 49214 49215 49216 49217 49218 49219 49220 51661 51662 51663 51664 51665 51666 51667 51668 51669 51670 55711 55712 55713 55714 55715 55716 55717 55718 55719 55720 57341 57342 57343 57344 57345 57346 57347 57348 57349 57350 
67
2 3 4 5 6 7 8 9 10 11 12 13 14 15 16 17 18 19 20 21 22 23 24 25 26 27 28 29 30 31 32 33 34 35 36 37 38 39 40 41 42 43 44 45 46 47 48 49 50 51 52 53 54 55 56 57 58 59 60 61 62 63 64 65 66 67 68 69 70 71 72 73 74 75 76 77 78 79 80 81 82 83 84 85 86 87 88 89 90 91 92 93 94 95 96 97 98 99 100 101 102 103 104 105 106 107 108 109 110 111 112 113 114 115 116 117 118 119 120 121 122 123 124 125 126 127 128 129 130 131 132 133 134 135 136 137 138 139 140 141 142 143 144 145 146 147 148 149 150 151 152 153 154 155 156 157 158 159 160 
206 31 135 14 143 167 94 220 17 163 11 72 17 158 124 75 155 120 220 235 152 59 182 16 111 70 123 56 180 50 13 227 189 122 157 71 91 231 22 109 74 99 103 177 194 189 184 239 159 110 88 55 78 182 35 188 143 18 239 131 156 219 143 36 156 109 248 216 98 24 24 185 47 16 141 79 189 230 34 108 194 58 110 249 73 43 126 173 26 250 183 35 183 114 14 31 68 38 253 119 166 127 111 190 108 128 88 180 140 244 45 193 15 167 17 35 219 38 216 174 91 177 66 199 47 167 218 121 153 37 62 221 6 46 223 246 220 79 4 163 253 38 220 8 125 161 181 201 105 202 116 129 135 190 10 110 135 183 16 219 
791 792 793 794 795 796 797 798 799 800 7071 7072 7073 7074 7075 7076 7077 7078 7079 7080 11691 11692 11693 11694 11695 11696 11697 11698 11699 11700 19101 19102 19103 19104 19105 19106 19107 19108 19109 19110 22061 22062 22063 22064 22065 22066 22067 22068 22069 22070 32901 32902 32903 32904 32905 32906 32907 32908 32909 32910 35021 35022 35023 35024 35025 35026 35027 35028 35029 35030 35211 35212 35213 35214 35215 35216 35217 35218 35219 35220 36731 36732 36733 36734 36735 36736 36737 36738 36739 36740 37241 37242 37243 37244 37245 37246 37247 37248 37249 37250 37561 37562 37563 37564 37565 37566 37567 37568 37569 37570 52361 52362 52363 52364 52365 52366 52367 52368 52369 52370 56251 56252 56253 56254 56255 56256 56257 56258 56259 56260 57961 57962 57963 57964 57965 57966 57967 57968 57969 57970 62461 62462 62463 62464 62465 62466 62467 62468 62469 62470 62961 62962 62963 62964 62965 62966 62967 62968 62969 62970 
94
2 3 4 5 6 7 8 9 10 11 12 13 14 15 16 17 18 19 20 21 22 23 24 25 26 27 28 29 30 31 32 33 34 35 36 37 38 39 40 41 42 43 44 45 46 47 48 49 50 51 52 53 54 55 56 57 58 59 60 61 62 63 64 65 66 67 68 69 70 71 72 73 74 75 76 77 78 79 80 81 82 83 84 85 86 87 88 89 90 91 92 93 94 95 96 97 98 99 100 101 102 103 104 105 106 107 108 109 110 111 112 113 114 115 116 117 118 119 120 121 122 123 124 125 126 127 128 129 130 131 132 133 134 135 136 137 138 139 140 141 142 143 144 145 146 147 148 149 150 151 152 153 154 155 156 157 158 159 160 
10 238 174 175 157 114 198 105 65 177 38 29 146 70 78 235 188 100 103 191 198 238 24 102 189 189 244 74 103 203 150 28 134 219 144 251 232 112 165 162 45 115 120 143 135 27 221 29 59 188 142 29 223 156 109 159 156 135 83 169 187 119 124 123 89 31 12 102 182 241 194 244 238 189 25 70 224 105 43 113 202 124 146 216 115 153 214 145 82 239 6 182 251 100 196 231 49 46 47 171 142 239 100 80 163 4 142 134 198 202 122 68 196 239 189 234 31 166 107 82 219 53 219 146 88 175 164 77 102 231 30 198 202 93 209 220 105 174 146 26 79 120 9 188 223 125 91 133 74 163 158 66 105 230 54 163 161 77 223 137 
11811 11812 11813 11814 11815 11816 11817 11818 11819 11820 13841 13842 13843 13844 13845 13846 13847 13848 13849 13850 13981 13982 13983 13984 13985 13986 13987 13988 13989 13990 14441 14442 14443 14444 14445 14446 14447 14448 14449 14450 16011 16012 16013 16014 16015 16016 16017 16018 16019 16020 28191 28192 28193 28194 28195 28196 28197 28198 28199 28200 30421 30422 30423 30424 30425 30426 30427 30428 30429 30430 33571 33572 33573 33574 33575 33576 33577 33578 33579 33580 35391 35392 35393 35394 35395 35396 35397 35398 35399 35400 35501 35502 35503 35504 35505 35506 35507 35508 35509 35510 37391 37392 37393 37394 37395 37396 37397 37398 37399 37400 51041 51042 51043 51044 51045 51046 51047 51048 51049 51050 58031 58032 58033 58034 58035 58036 58037 58038 58039 58040 59041 59042 59043 59044 59045 59046 59047 59048 59049 59050 61621 61622 61623 61624 61625 61626 61627 61628 61629 61630 61841 61842 61843 61844 61845 61846 61847 61848 61849 61850 
62
2 3 4 5 6 7 8 9 10 11 12 13 14 15 16 17 18 19 20 21 22 23 24 25 26 27 28 29 30 31 32 33 34 35 36 37 38 39 40 41 42 43 44 45 46 47 48 49 50 51 52 53 54 55 56 57 58 59 60 61 62 63 64 65 66 67 68 69 70 71 72 73 74 75 76 77 78 79 80 81 82 83 84 85 86 87 88 89 90 91 92 93 94 95 96 97 98 99 100 101 102 103 104 105 106 107 108 109 110 111 112 113 114 115 116 117 118 119 120 121 122 123 124 125 126 127 128 129 130 131 132 133 134 135 136 137 138 139 140 141 142 143 144 145 146 147 148 149 150 151 152 153 154 155 156 157 158 159 160 
239 92 113 86 230 10 182 1 223 191 74 236 235 79 150 110 126 4 129 241 6 86 122 47 184 194 22 181 92 250 225 54 127 77 50 55 100 11 109 250 165 111 166 158 218 141 20 193 35 185 167 117 167 225 184 213 215 130 238 146 206 201 10 242 233 199 45 87 57 110 135 152 225 112 248 216 38 123 158 92 10 125 129 242 183 199 11 182 212 181 35 111 99 115 93 181 156 177 120 163 242 127 167 41 43 66 167 214 45 135 159 119 164 9 217 223 163 183 173 240 141 214 194 193 131 34 217 124 174 115 164 111 141 140 86 220 162 210 71 187 217 50 231 121 113 68 251 126 90 108 125 152 199 25 161 122 188 161 217 225 
1401 1402 1403 1404 1405 1406 1407 1408 1409 1410 4631 4632 4633 4634 4635 4636 4637 4638 4639 4640 5351 5352 5353 5354 5355 5356 5357 5358 5359 5360 11071 11072 11073 11074 11075 11076 11077 11078 11079 11080 15171 15172 15173 15174 15175 15176 15177 15178 15179 15180 23331 23332 23333 23334 23335 23336 23337 23338 23339 23340 26911 26912 26913 26914 26915 26916 26917 26918 26919 26920 33791 33792 33793 33794 33795 33796 33797 33798 33799 33800 36471 36472 36473 36474 36475 36476 36477 36478 36479 36480 39761 39762 39763 39764 39765 39766 39767 39768 39769 39770 48121 48122 48123 48124 48125 48126 48127 48128 48129 48130 48331 48332 48333 48334 48335 48336 48337 48338 48339 48340 51271 51272 51273 51274 51275 51276 51277 51278 51279 51280 52401 52402 52403 52404 52405 52406 52407 52408 52409 52410 56331 56332 56333 56334 56335 56336 56337 56338 56339 56340 57921 57922 57923 57924 57925 57926 57927 57928 57929 57930 
176
2 3 4 5 6 7 8 9 10 11 12 13 14 15 16 17 18 19 20 21 22 23 24 25 26 27 28 29 30 31 32 33 34 35 36 37 38 39 40 41 42 43 44 45 46 47 48 49 50 51 52 53 54 55 56 57 58 59 60 61 62 63 64 65 66 67 68 69 70 71 72 73 74 75 76 77 78 79 80 81 82 83 84 85 86 87 88 89 90 91 92 93 94 95 96 97 98 99 100 101 102 103 104 105 106 107 108 109 110 111 112 113 114 115 116 117 118 119 120 121 122 123 124 125 126 127 128 129 130 131 132 133 134 135 136 137 138 139 140 141 142 143 144 145 146 147 148 149 150 151 152 153 154 155 156 157 158 159 160 
180 167 5 159 233 126 199 27 135 155 28 31 228 242 96 186 39 235 109 115 201 43 145 73 132 62 74 239 105 121 72 30 222 107 159 234 6 29 166 16 77 91 159 43 73 131 112 187 157 236 237 4 250 122 2 215 143 27 130 213 189 89 167 61 110 55 72 71 174 22 94 62 100 197 247 231 71 109 230 55 178 159 147 98 86 161 90 248 244 83 223 122 1 231 234 109 210 246 20 74 72 82 88 249 59 162 227 89 103 236 61 220 118 248 84 110 155 17 189 247 180 161 13 127 107 159 181 182 27 25 214 162 118 245 153 223 136 237 120 137 71 145 61 22 92 230 194 183 174 218 196 87 166 123 30 2 162 254 102 246 
6841 6842 6843 6844 6845 6846 6847 6848 6849 6850 9381 9382 9383 9384 9385 9386 9387 9388 9389 9390 23861 23862 23863 23864 23865 23866 23867 23868 23869 23870 28461 28462 28463 28464 28465 28466 28467 28468 28469 28470 31701 31702 31703 31704 31705 31706 31707 31708 31709 31710 36151 36152 36153 36154 36155 36156 36157 36158 36159 36160 39441 39442 39443 39444 39445 39446 39447 39448 39449 39450 44001 44002 44003 44004 44005 44006 44007 44008 44009 44010 45731 45732 45733 45734 45735 45736 45737 45738 45739 45740 51571 51572 51573 51574 51575 51576 51577 51578 51579 51580 55051 55052 55053 55054 55055 55056 55057 55058 55059 55060 55751 55752 55753 55754 55755 55756 55757 55758 55759 55760 57341 57342 57343 57344 57345 57346 57347 57348 57349 57350 58121 58122 58123 58124 58125 58126 58127 58128 58129 58130 59201 59202 59203 59204 59205 59206 59207 59208 59209 59210 60421 60422 60423 60424 60425 60426 60427 60428 60429 60430 
42
2 3 4 5 6 7 8 9 10 11 12 13 14 15 16 17 18 19 20 21 22 23 24 25 26 27 28 29 30 31 32 33 34 35 36 37 38 39 40 41 42 43 44 45 46 47 48 49 50 51 52 53 54 55 56 57 58 59 60 61 62 63 64 65 66 67 68 69 70 71 72 73 74 75 76 77 78 79 80 81 82 83 84 85 86 87 88 89 90 91 92 93 94 95 96 97 98 99 100 101 102 103 104 105 106 107 108 109 110 111 112 113 114 115 116 117 118 119 120 121 122 123 124 125 126 127 128 129 130 131 132 133 134 135 136 137 138 139 140 141 142 143 144 145 146 147 148 149 150 151 152 153 154 155 156 157 158 159 160 
84 126 140 103 238 6 29 238 203 99 197 92 233 126 236 250 108 103 88 92 24 173 70 239 164 7 74 189 121 155 177 157 11 164 198 50 183 90 241 154 167 102 68 218 246 121 214 129 220 242 164 109 188 46 122 196 248 30 218 156 162 242 239 156 25 32 141 2 127 96 222 73 181 157 2 247 124 29 126 111 75 111 138 210 110 89 26 234 103 107 224 118 92 4 110 120 199 219 131 190 7 167 162 244 123 30 216 32 91 189 10 236 98 218 116 87 246 223 116 147 108 237 183 152 100 79 122 133 127 136 91 219 167 111 161 197 82 56 35 137 231 238 44 155 126 237 55 145 21 34 253 20 143 181 67 67 123 45 202 184 
821 822 823 824 825 826 827 828 829 830 3801 3802 3803 3804 3805 3806 3807 3808 3809 3810 4081 4082 4083 4084 4085 4086 4087 4088 4089 4090 8391 8392 8393 8394 8395 8396 8397 8398 8399 8400 10581 10582 10583 10584 10585 10586 10587 10588 10589 10590 17021 17022 17023 17024 17025 17026 17027 17028 17029 17030 17521 17522 17523 17524 17525 17526 17527 17528 17529 17530 23631 23632 23633 23634 23635 23636 23637 23638 23639 23640 25001 25002 25003 25004 25005 25006 25007 25008 25009 25010 25321 25322 25323 25324 25325 25326 25327 25328 25329 25330 34541 34542 34543 34544 34545 34546 34547 34548 34549 34550 42621 42622 42623 42624 42625 42626 42627 42628 42629 42630 46191 46192 46193 46194 46195 46196 46197 46198 46199 46200 53861 53862 53863 53864 53865 53866 53867 53868 53869 53870 54201 54202 54203 54204 54205 54206 54207 54208 54209 54210 54971 54972 54973 54974 54975 54976 54977 54978 54979 54980 
216
2 3 4 5 6 7 8 9 10 11 12 13 14 15 16 17 18 19 20 21 22 23 24 25 26 27 28 29 30 31 32 33 34 35 36 37 38 39 40 41 42 43 44 45 46 47 48 49 50 51 52 53 54 55 56 57 58 59 60 61 62 63 64 65 66 67 68 69 70 71 72 73 74 75 76 77 78 79 80 81 82 83 84 85 86 87 88 89 90 91 92 93 94 95 96 97 98 99 100 101 102 103 104 105 106 107 108 109 110 111 112 113 114 115 116 117 118 119 120 121 122 123 124 125 126 127 128 129 130 131 132 133 134 135 136 137 138 139 140 141 142 143 144 145 146 147 148 149 150 151 152 153 154 155 156 157 158 159 160 
206 47 156 221 2 209 223 167 31 128 146 100 38 246 103 231 103 59 54 78 250 97 58 227 135 91 219 80 141 124 190 33 186 193 134 250 100 178 223 146 107 131 159 180 92 91 150 66 254 89 186 36 41 182 228 111 134 9 193 187 143 41 153 155 127 132 111 152 9 173 111 178 26 99 173 132 222 8 8 111 69 119 82 236 102 232 167 190 120 202 137 225 166 242 15 81 27 174 251 65 214 123 215 213 175 123 94 228 80 122 43 118 109 103 143 131 164 224 112 238 132 166 79 32 242 102 58 145 220 174 163 15 117 185 175 161 157 28 249 74 45 133 164 167 110 97 142 163 178 92 241 189 187 185 116 180 222 198 66 248 
5571 5572 5573 5574 5575 5576 5577 5578 5579 5580 8221 8222 8223 8224 8225 8226 8227 8228 8229 8230 11331 11332 11333 11334 11335 11336 11337 11338 11339 11340 14341 14342 14343 14344 14345 14346 14347 14348 14349 14350 16951 16952 16953 16954 16955 16956 16957 16958 16959 16960 17541 17542 17543 17544 17545 17546 17547 17548 17549 17550 22031 22032 22033 22034 22035 22036 22037 22038 22039 22040 33671 33672 33673 33674 33675 33676 33677 33678 33679 33680 41151 41152 41153 41154 41155 41156 41157 41158 41159 41160 47101 47102 47103 47104 47105 47106 47107 47108 47109 47110 47281 47282 47283 47284 47285 47286 47287 47288 47289 47290 53061 53062 53063 53064 53065 53066 53067 53068 53069 53070 56751 56752 56753 56754 56755 56756 56757 56758 56759 56760 57991 57992 57993 57994 57995 57996 57997 57998 57999 58000 60291 60292 60293 60294 60295 60296 60297 60298 60299 60300 61781 61782 61783 61784 61785 61786 61787 61788 61789 61790 
218
2 3 4 5 6 7 8 9 10 11 12 13 14 15 16 17 18 19 20 21 22 23 24 25 26 27 28 29 30 31 32 33 34 35 36 37 38 39 40 41 42 43 44 45 46 47 48 49 50 51 52 53 54 55 56 57 58 59 60 61 62 63 64 65 66 67 68 69 70 71 72 73 74 75 76 77 78 79 80 81 82 83 84 85 86 87 88 89 90 91 92 93 94 95 96 97 98 99 100 101 102 103 104 105 106 107 108 109 110 111 112 113 114 115 116 117 118 119 120 121 122 123 124 125 126 127 128 129 130 131 132 133 134 135 136 137 138 139 140 141 142 143 144 145 146 147 148 149 150 151 152 153 154 155 156 157 158 159 160 
226 245 109 152 178 35 149 24 188 244 210 105 135 200 102 218 84 122 247 30 110 95 241 242 119 196 61 59 110 103 235 89 222 254 80 216 181 241 73 90 188 150 52 202 91 217 88 77 189 182 71 125 126 121 247 149 203 22 185 191 38 155 90 123 131 155 220 185 222 185 153 15 39 130 50 38 225 152 199 184 75 92 238 196 44 184 118 123 124 163 2 120 228 62 78 103 152 237 30 227 185 10 216 202 245 6 250 212 153 73 142 190 196 242 198 178 71 2 247 89 244 218 182 248 159 72 7 114 56 128 211 39 147 134 28 223 44 147 178 35 174 214 155 67 70 251 128 86 95 171 99 163 102 238 228 188 183 185 107 118 
2441 2442 2443 2444 2445 2446 2447 2448 2449 2450 5551 5552 5553 5554 5555 5556 5557 5558 5559 5560 11341 11342 11343 11344 11345 11346 11347 11348 11349 11350 12501 12502 12503 12504 12505 12506 12507 12508 12509 12510 17461 17462 17463 17464 17465 17466 17467 17468 17469 17470 22921 22922 22923 22924 22925 22926 22927 22928 22929 22930 25441 25442 25443 25444 25445 25446 25447 25448 25449 25450 27381 27382 27383 27384 27385 27386 27387 27388 27389 27390 32011 32012 32013 32014 32015 32016 32017 32018 32019 32020 33071 33072 33073 33074 33075 33076 33077 33078 33079 33080 43861 43862 43863 43864 43865 43866 43867 43868 43869 43870 46301 46302 46303 46304 46305 46306 46307 46308 46309 46310 48491 48492 48493 48494 48495 48496 48497 48498 48499 48500 55891 55892 55893 55894 55895 55896 55897 55898 55899 55900 56541 56542 56543 56544 56545 56546 56547 56548 56549 56550 58411 58412 58413 58414 58415 58416 58417 58418 58419 58420 
72
2 3 4 5 6 7 8 9 10 11 12 13 14 15 16 17 18 19 20 21 22 23 24 25 26 27 28 29 30 31 32 33 34 35 36 37 38 39 40 41 42 43 44 45 46 47 48 49 50 51 52 53 54 55 56 57 58 59 60 61 62 63 64 65 66 67 68 69 70 71 72 73 74 75 76 77 78 79 80 81 82 83 84 85 86 87 88 89 90 91 92 93 94 95 96 97 98 99 100 101 102 103 104 105 106 107 108 109 110 111 112 113 114 115 116 117 118 119 120 121 122 123 124 125 126 127 128 129 130 131 132 133 134 135 136 137 138 139 140 141 142 143 144 145 146 147 148 149 150 151 152 153 154 155 156 157 158 159 160 
43 142 82 113 118 143 25 222 211 119 139 129 95 89 241 186 189 7 159 40 147 90 242 122 135 32 233 251 175 113 18 227 75 157 25 25 222 102 202 189 121 222 10 228 109 227 235 80 214 123 174 112 17 59 122 227 32 161 122 125 213 251 130 26 223 24 136 186 88 47 52 97 74 30 190 108 122 95 97 127 108 166 220 227 67 181 156 183 187 29 208 130 11 111 96 43 112 247 219 186 146 100 239 152 137 47 94 25 242 141 54 100 247 31 174 254 142 12 96 116 230 178 201 88 91 134 123 109 211 92 109 70 36 59 183 79 58 90 244 247 153 215 231 70 46 237 188 108 217 113 126 109 9 239 183 71 221 49 166 225 
2781 2782 2783 2784 2785 2786 2787 2788 2789 2790 7881 7882 7883 7884 7885 7886 7887 7888 7889 7890 9351 9352 9353 9354 9355 9356 9357 9358 9359 9360 9911 9912 9913 9914 9915 9916 9917 9918 9919 9920 11761 11762 11763 11764 11765 11766 11767 11768 11769 11770 13271 13272 13273 13274 13275 13276 13277 13278 13279 13280 15631 15632 15633 15634 15635 15636 15637 15638 15639 15640 29821 29822 29823 29824 29825 29826 29827 29828 29829 29830 32521 32522 32523 32524 32525 32526 32527 32528 32529 32530 48461 48462 48463 48464 48465 48466 48467 48468 48469 48470 48911 48912 48913 48914 48915 48916 48917 48918 48919 48920 54441 54442 54443 54444 54445 54446 54447 54448 54449 54450 55261 55262 55263 55264 55265 55266 55267 55268 55269 55270 55401 55402 55403 55404 55405 55406 55407 55408 55409 55410 57341 57342 57343 57344 57345 57346 57347 57348 57349 57350 62701 62702 62703 62704 62705 62706 62707 62708 62709 62710 
202
2 3 4 5 6 7 8 9 10 11 12 13 14 15 16 17 18 19 20 21 22 23 24 25 26 27 28 29 30 31 32 33 34 35 36 37 38 39 40 41 42 43 44 45 46 47 48 49 50 51 52 53 54 55 56 57 58 59 60 61 62 63 64 65 66 67 68 69 70 71 72 73 74 75 76 77 78 79 80 81 82 83 84 85 86 87 88 89 90 91 92 93 94 95 96 97 98 99 100 101 102 103 104 105 106 107 108 109 110 111 112 113 114 115 116 117 118 119 120 121 122 123 124 125 126 127 128 129 130 131 132 133 134 135 136 137 138 139 140 141 142 143 144 145 146 147 148 149 150 151 152 153 154 155 156 157 158 159 160 
125 8 30 126 33 118 249 162 215 44 78 220 109 155 43 159 14 158 92 158 40 133 245 53 134 159 181 236 158 75 126 173 24 127 142 251 125 193 101 180 159 246 217 13 66 47 182 198 231 175 10 233 124 184 74 35 31 136 145 107 43 189 89 39 83 140 102 160 99 126 166 89 144 237 87 103 184 242 35 138 167 49 58 216 18 6 110 178 44 140 199 235 127 108 235 186 87 22 236 219 121 61 122 193 46 215 122 88 145 166 224 134 94 188 167 115 137 7 46 19 74 38 110 235 99 180 119 36 202 21 245 109 156 248 16 184 43 125 31 189 155 178 125 93 26 174 159 174 74 1 120 24 163 163 22 17 230 167 158 195 
1371 1372 1373 1374 1375 1376 1377 1378 1379 1380 13621 13622 13623 13624 13625 13626 13627 13628 13629 13630 20101 20102 20103 20104 20105 20106 20107 20108 20109 20110 20201 20202 20203 20204 20205 20206 20207 20208 20209 20210 24201 24202 24203 24204 24205 24206 24207 24208 24209 24210 24511 24512 24513 24514 24515 24516 24517 24518 24519 24520 25631 25632 25633 25634 25635 25636 25637 25638 25639 25640 28171 28172 28173 28174 28175 28176 28177 28178 28179 28180 31791 31792 31793 31794 31795 31796 31797 31798 31799 31800 42701 42702 42703 42704 42705 42706 42707 42708 42709 42710 45601 45602 45603 45604 45605 45606 45607 45608 45609 45610 55281 55282 55283 55284 55285 55286 55287 55288 55289 55290 57871 57872 57873 57874 57875 57876 57877 57878 57879 57880 60011 60012 60013 60014 60015 60016 60017 60018 60019 60020 61121 61122 61123 61124 61125 61126 61127 61128 61129 61130 61511 61512 61513 61514 61515 61516 61517 61518 61519 61520 
244
2 3 4 5 6 7 8 9 10 11 12 13 14 15 16 17 18 19 20 21 22 23 24 25 26 27 28 29 30 31 32 33 34 35 36 37 38 39 40 41 42 43 44 45 46 47 48 49 50 51 52 53 54 55 56 57 58 59 60 61 62 63 64 65 66 67 68 69 70 71 72 73 74 75 76 77 78 79 80 81 82 83 84 85 86 87 88 89 90 91 92 93 94 95 96 97 98 99 100 101 102 103 104 105 106 107 108 109 110 111 112 113 114 115 116 117 118 119 120 121 122 123 124 125 126 127 128 129 130 131 132 133 134 135 136 137 138 139 140 141 142 143 144 145 146 147 148 149 150 151 152 153 154 155 156 157 158 159 160 
6 73 161 214 231 59 158 249 212 136 87 173 99 162 54 186 214 210 89 71 32 46 178 27 75 65 127 108 118 111 16 91 166 147 41 11 47 146 109 242 165 163 31 122 223 189 39 212 184 115 74 244 217 100 61 188 117 180 235 122 102 50 94 206 201 103 102 11 175 157 223 76 126 206 222 43 68 230 4 244 227 178 55 77 123 110 45 25 155 64 244 72 246 32 126 239 98 81 159 231 159 30 187 126 99 118 167 180 145 89 57 247 184 160 84 209 251 109 109 27 194 210 113 155 182 128 126 222 45 144 141 27 183 175 22 38 79 110 131 138 158 175 140 131 139 164 180 217 97 161 196 22 166 43 131 184 20 225 127 159 
3491 3492 3493 3494 3495 3496 3497 3498 3499 3500 4091 4092 4093 4094 4095 4096 4097 4098 4099 4100 17101 17102 17103 17104 17105 17106 17107 17108 17109 17110 21111 21112 21113 21114 21115 21116 21117 21118 21119 21120 22281 22282 22283 22284 22285 22286 22287 22288 22289 22290 25611 25612 25613 25614 25615 25616 25617 25618 25619 25620 38671 38672 38673 38674 38675 38676 38677 38678 38679 38680 41871 41872 41873 41874 41875 41876 41877 41878 41879 41880 45651 45652 45653 45654 45655 45656 45657 45658 45659 45660 52281 52282 52283 52284 52285 52286 52287 52288 52289 52290 52431 52432 52433 52434 52435 52436 52437 52438 52439 52440 53771 53772 53773 53774 53775 53776 53777 53778 53779 53780 57631 57632 57633 57634 57635 57636 57637 57638 57639 57640 58401 58402 58403 58404 58405 58406 58407 58408 58409 58410 59311 59312 59313 59314 59315 59316 59317 59318 59319 59320 60821 60822 60823 60824 60825 60826 60827 60828 60829 60830 
0 0 0 0 0 0 0 0 0 0 142 242 224 230 189 30 65 223 111 154 0 0 0 0 0 0 0 0 0 0 0 0 0 0 0 0 0 0 0 0 0 0 0 0 0 0 0 0 0 0 0 0 0 0 0 0 0 0 0 0 0 0 0 0 0 0 0 0 0 0 0 0 0 0 0 0 0 0 0 0 0 0 0 0 0 0 0 0 0 0 0 0 0 0 0 0 0 0 0 0 0 0 0 0 0 0 0 0 0 0 0 0 0 0 0 0 0 0 0 0 0 0 0 0 0 0 0 0 0 0 0 0 0 0 0 0 0 0 0 0 0 0 0 0 0 0 0 0 0 0 0 0 0 0 0 0 0 0 0 0 
1 2 3 4 5 6 7 8 9 10 21 22 23 24 25 26 27 28 29 30 31 32 33 34 35 36 37 38 39 40 41 42 43 44 45 46 47 48 49 50 51 52 53 54 55 56 57 58 59 60 61 62 63 64 65 66 67 68 69 70 71 72 73 74 75 76 77 78 79 80 81 82 83 84 85 86 87 88 89 90 91 92 93 94 95 96 97 98 99 100 101 102 103 104 105 106 107 108 109 110 111 112 113 114 115 116 117 118 119 120 121 122 123 124 125 126 127 128 129 130 131 132 133 134 135 136 137 138 139 140 141 142 143 144 145 146 147 148 149 150 151 152 153 154 155 156 157 158 159 160 
91 152 231 158 68 30 34 56 177 183 144 234 73 94 249 16 67 175 166 250 173 166 251 162 212 134 253 105 109 189 46 246 116 57 135 26 215 173 111 70 23 43 132 119 223 154 167 72 123 26 99 226 102 119 161 41 29 187 78 13 215 39 222 59 114 160 110 80 221 78 152 28 88 94 188 22 186 175 156 165 212 142 47 86 90 122 120 160 222 38 22 86 159 107 119 110 62 222 2 57 78 175 114 23 180 228 103 178 197 241 214 200 108 88 115 113 184 239 187 30 230 210 212 139 166 68 219 128 167 143 183 161 123 90 76 137 201 144 161 171 238 164 88 95 91 141 242 245 131 110 
1051 1052 1053 1054 1055 1056 1057 1058 1059 1060 1941 1942 1943 1944 1945 1946 1947 1948 1949 1950 2931 2932 2933 2934 2935 2936 2937 2938 2939 2940 6801 6802 6803 6804 6805 6806 6807 6808 6809 6810 8621 8622 8623 8624 8625 8626 8627 8628 8629 8630 13241 13242 13243 13244 13245 13246 13247 13248 13249 13250 27031 27032 27033 27034 27035 27036 27037 27038 27039 27040 27171 27172 27173 27174 27175 27176 27177 27178 27179 27180 28611 28612 28613 28614 28615 28616 28617 28618 28619 28620 38341 38342 38343 38344 38345 38346 38347 38348 38349 38350 43331 43332 43333 43334 43335 43336 43337 43338 43339 43340 47421 47422 47423 47424 47425 47426 47427 47428 47429 47430 47861 47862 47863 47864 47865 47866 47867 47868 47869 47870 51991 51992 51993 51994 51995 51996 51997 51998 51999 52000 59881 59882 59883 59884 59885 59886 59887 59888 59889 59890 
157
2 3 4 5 6 7 8 9 10 11 12 13 14 15 16 17 18 19 20 21 22 23 24 25 26 27 28 29 30 31 32 33 34 35 36 37 38 39 40 41 42 43 44 45 46 47 48 49 50 51 52 53 54 55 56 57 58 59 60 61 62 63 64 65 66 67 68 69 70 71 72 73 74 75 76 77 78 79 80 81 82 83 84 85 86 87 88 89 90 91 92 93 94 95 96 97 98 99 100 101 102 103 104 105 106 107 108 109 110 111 112 113 114 115 116 117 118 119 120 121 122 123 124 125 126 127 128 129 130 131 132 133 134 135 136 137 138 139 140 141 142 143 144 145 146 147 148 149 150 151 152 153 154 155 156 157 158 159 160 
238 224 136 55 31 183 29 108 96 218 129 118 187 27 99 122 97 145 178 248 245 175 124 251 119 141 86 1 167 161 86 206 121 186 201 32 141 159 177 97 164 153 13 61 219 99 56 110 123 171 41 13 155 102 141 120 54 241 140 154 209 178 216 122 102 161 235 79 166 123 202 186 105 223 8 108 154 98 240 43 247 94 94 253 24 133 159 121 187 216 142 173 80 105 108 167 216 102 17 191 163 145 119 217 199 167 120 138 188 199 196 141 143 29 59 152 213 127 143 188 134 210 122 95 185 38 45 46 157 232 162 201 103 89 29 90 201 241 167 234 249 162 247 154 80 236 71 188 114 237 249 78 70 183 232 66 28 155 173 244 
6611 6612 6613 6614 6615 6616 6617 6618 6619 6620 7131 7132 7133 7134 7135 7136 7137 7138 7139 7140 8921 8922 8923 8924 8925 8926 8927 8928 8929 8930 12021 12022 12023 12024 12025 12026 12027 12028 12029 12030 12431 12432 12433 12434 12435 12436 12437 12438 12439 12440 18741 18742 18743 18744 18745 18746 18747 18748 18749 18750 22911 22912 22913 22914 22915 22916 22917 22918 22919 22920 24111 24112 24113 24114 24115 24116 24117 24118 24119 24120 26801 26802 26803 26804 26805 26806 26807 26808 26809 26810 29511 29512 29513 29514 29515 29516 29517 29518 29519 29520 38771 38772 38773 38774 38775 38776 38777 38778 38779 38780 38901 38902 38903 38904 38905 38906 38907 38908 38909 38910 39071 39072 39073 39074 39075 39076 39077 39078 39079 39080 40811 40812 40813 40814 40815 40816 40817 40818 40819 40820 51041 51042 51043 51044 51045 51046 51047 51048 51049 51050 60861 60862 60863 60864 60865 60866 60867 60868 60869 60870 
188
2 3 4 5 6 7 8 9 10 11 12 13 14 15 16 17 18 19 20 21 22 23 24 25 26 27 28 29 30 31 32 33 34 35 36 37 38 39 40 41 42 43 44 45 46 47 48 49 50 51 52 53 54 55 56 57 58 59 60 61 62 63 64 65 66 67 68 69 70 71 72 73 74 75 76 77 78 79 80 81 82 83 84 85 86 87 88 89 90 91 92 93 94 95 96 97 98 99 100 101 102 103 104 105 106 107 108 109 110 111 112 113 114 115 116 117 118 119 120 121 122 123 124 125 126 127 128 129 130 131 132 133 134 135 136 137 138 139 140 141 142 143 144 145 146 147 148 149 150 151 152 153 154 155 156 157 158 159 160 
222 142 157 152 111 89 9 223 249 131 237 245 248 66 239 113 120 163 232 100 102 94 235 147 90 146 219 38 145 19 132 94 245 141 183 235 99 125 189 166 154 242 157 128 187 100 74 239 121 26 215 95 70 214 78 53 248 250 182 193 78 211 17 129 155 57 105 215 175 175 241 102 68 186 18 234 10 75 121 58 194 55 9 158 159 184 87 180 187 178 245 120 189 125 186 41 47 164 158 116 186 140 96 124 218 140 36 102 220 178 201 46 112 143 177 143 92 216 235 160 186 153 24 231 10 236 167 49 11 132 188 162 247 7 163 134 210 79 155 238 162 59 212 183 73 188 74 127 146 216 29 25 123 182 200 166 203 131 38 143 
481 482 483 484 485 486 487 488 489 490 9271 9272 9273 9274 9275 9276 9277 9278 9279 9280 11131 11132 11133 11134 11135 11136 11137 11138 11139 11140 15981 15982 15983 15984 15985 15986 15987 15988 15989 15990 19931 19932 19933 19934 19935 19936 19937 19938 19939 19940 22031 22032 22033 22034 22035 22036 22037 22038 22039 22040 23801 23802 23803 23804 23805 23806 23807 23808 23809 23810 25651 25652 25653 25654 25655 25656 25657 25658 25659 25660 31311 31312 31313 31314 31315 31316 31317 31318 31319 31320 36311 36312 36313 36314 36315 36316 36317 36318 36319 36320 38071 38072 38073 38074 38075 38076 38077 38078 38079 38080 55441 55442 55443 55444 55445 55446 55447 55448 55449 55450 56021 56022 56023 56024 56025 56026 56027 56028 56029 56030 58161 58162 58163 58164 58165 58166 58167 58168 58169 58170 61111 61112 61113 61114 61115 61116 61117 61118 61119 61120 63091 63092 63093 63094 63095 63096 63097 63098 63099 63100 
0 0 0 0 0 0 0 0 0 0 0 0 0 0 0 0 0 0 0 0 0 0 0 0 0 0 0 0 0 0 0 0 0 0 0 0 0 0 0 0 0 0 0 0 0 0 0 0 0 0 0 0 0 0 0 0 0 0 0 0 0 0 0 0 0 0 0 0 0 0 0 0 0 0 0 0 0 0 0 0 0 0 0 0 0 0 0 0 0 0 219 119 33 182 239 122 90 123 189 237 0 0 0 0 0 0 0 0 0 0 0 0 0 0 0 0 0 0 0 0 0 0 0 0 0 0 0 0 0 0 0 0 0 0 0 0 0 0 0 0 0 0 0 0 0 0 0 0 0 0 0 0 0 0 0 0 0 0 0 0 
1 2 3 4 5 6 7 8 9 10 11 12 13 14 15 16 17 18 19 20 21 22 23 24 25 26 27 28 29 30 31 32 33 34 35 36 37 38 39 40 41 42 43 44 45 46 47 48 49 50 51 52 53 54 55 56 57 58 59 60 61 62 63 64 65 66 67 68 69 70 71 72 73 74 75 76 77 78 79 80 81 82 83 84 85 86 87 88 89 90 101 102 103 104 105 106 107 108 109 110 111 112 113 114 115 116 117 118 119 120 121 122 123 124 125 126 127 128 129 130 131 132 133 134 135 136 137 138 139 140 141 142 143 144 145 146 147 148 149 150 151 152 153 154 155 156 157 158 159 160 
38 182 254 113 95 71 147 162 121 29 99 237 248 181 122 218 197 105 23 134 120 56 26 222 201 158 85 118 122 182 196 159 60 155 147 181 199 227 235 184 154 230 90 88 28 99 96 187 177 233 206 177 145 214 246 230 9 237 99 124 137 118 45 165 119 33 163 184 158 221 6 98 114 126 238 19 123 68 183 237 201 90 192 155 109 154 214 109 114 188 52 219 177 237 43 92 188 68 47 130 182 24 214 177 188 130 203 124 145 227 155 137 215 18 122 237 154 248 166 192 215 242 155 174 45 197 146 88 35 163 185 187 178 17 226 249 4 65 103 175 35 28 47 15 167 186 245 38 126 232 
551 552 553 554 555 556 557 558 559 560 3381 3382 3383 3384 3385 3386 3387 3388 3389 3390 4221 4222 4223 4224 4225 4226 4227 4228 4229 4230 18301 18302 18303 18304 18305 18306 18307 18308 18309 18310 19161 19162 19163 19164 19165 19166 19167 19168 19169 19170 19821 19822 19823 19824 19825 19826 19827 19828 19829 19830 33251 33252 33253 33254 33255 33256 33257 33258 33259 33260 34551 34552 34553 34554 34555 34556 34557 34558 34559 34560 39851 39852 39853 39854 39855 39856 39857 39858 39859 39860 44611 44612 44613 44614 44615 44616 44617 44618 44619 44620 52621 52622 52623 52624 52625 52626 52627 52628 52629 52630 52751 52752 52753 52754 52755 52756 52757 52758 52759 52760 55011 55012 55013 55014 55015 55016 55017 55018 55019 55020 55871 55872 55873 55874 55875 55876 55877 55878 55879 55880 58451 58452 58453 58454 58455 58456 58457 58458 58459 58460 
120
2 3 4 5 6 7 8 9 10 11 12 13 14 15 16 17 18 19 20 21 22 23 24 25 26 27 28 29 30 31 32 33 34 35 36 37 38 39 40 41 42 43 44 45 46 47 48 49 50 51 52 53 54 55 56 57 58 59 60 61 62 63 64 65 66 67 68 69 70 71 72 73 74 75 76 77 78 79 80 81 82 83 84 85 86 87 88 89 90 91 92 93 94 95 96 97 98 99 100 101 102 103 104 105 106 107 108 109 110 111 112 113 114 115 116 117 118 119 120 121 122 123 124 125 126 127 128 129 130 131 132 133 134 135 136 137 138 139 140 141 142 143 144 145 146 147 148 149 150 151 152 153 154 155 156 157 158 159 160 
223 109 220 210 230 2 152 58 88 228 94 226 32 77 70 246 127 183 166 132 182 123 120 83 183 97 189 46 188 122 242 128 160 189 189 102 112 70 242 172 185 100 41 221 155 222 117 153 217 11 246 219 115 186 16 230 242 68 139 186 240 242 38 219 178 74 132 153 107 165 215 215 39 123 237 213 181 119 140 98 50 203 113 134 79 141 250 12 167 153 11 38 163 22 7 143 66 22 254 127 9 88 138 93 109 249 141 223 173 175 153 36 105 188 54 246 241 90 246 229 1 158 251 91 76 167 96 187 114 199 250 91 108 159 18 200 234 20 140 189 72 54 55 175 79 186 201 82 9 118 47 56 38 178 197 45 127 132 18 251 
1841 1842 1843 1844 1845 1846 1847 1848 1849 1850 2091 2092 2093 2094 2095 2096 2097 2098 2099 2100 5451 5452 5453 5454 5455 5456 5457 5458 5459 5460 11071 11072 11073 11074 11075 11076 11077 11078 11079 11080 19911 19912 19913 19914 19915 19916 19917 19918 19919 19920 22961 22962 22963 22964 22965 22966 22967 22968 22969 22970 29111 29112 29113 29114 29115 29116 29117 29118 29119 29120 30341 30342 30343 30344 30345 30346 30347 30348 30349 30350 34291 34292 34293 34294 34295 34296 34297 34298 34299 34300 37431 37432 37433 37434 37435 37436 37437 37438 37439 37440 37851 37852 37853 37854 37855 37856 37857 37858 37859 37860 38221 38222 38223 38224 38225 38226 38227 38228 38229 38230 43131 43132 43133 43134 43135 43136 43137 43138 43139 43140 61181 61182 61183 61184 61185 61186 61187 61188 61189 61190 62541 62542 62543 62544 62545 62546 62547 62548 62549 62550 62761 62762 62763 62764 62765 62766 62767 62768 62769 62770 
168
2 3 4 5 6 7 8 9 10 11 12 13 14 15 16 17 18 19 20 21 22 23 24 25 26 27 28 29 30 31 32 33 34 35 36 37 38 39 40 41 42 43 44 45 46 47 48 49 50 51 52 53 54 55 56 57 58 59 60 61 62 63 64 65 66 67 68 69 70 71 72 73 74 75 76 77 78 79 80 81 82 83 84 85 86 87 88 89 90 91 92 93 94 95 96 97 98 99 100 101 102 103 104 105 106 107 108 109 110 111 112 113 114 115 116 117 118 119 120 121 122 123 124 125 126 127 128 129 130 131 132 133 134 135 136 137 138 139 140 141 142 143 144 145 146 147 148 149 150 151 152 153 154 155 156 157 158 159 160 
140 167 184 108 173 91 93 119 141 61 73 71 22 44 239 126 247 35 10 75 105 202 134 155 35 122 109 58 29 134 217 56 251 190 73 152 110 101 147 128 134 182 4 88 162 200 233 114 54 237 87 152 102 116 138 95 186 239 173 130 238 113 245 251 186 244 102 242 175 127 9 174 58 144 177 177 8 239 77 90 50 7 111 109 75 178 220 230 30 108 186 203 122 46 97 120 55 44 197 8 97 201 202 6 107 74 246 43 89 152 121 223 111 135 89 150 192 134 238 208 79 144 121 61 242 183 83 121 220 247 222 1 166 110 31 110 143 188 211 77 203 77 190 111 159 126 132 132 177 101 89 108 91 82 78 251 182 117 174 245 
9191 9192 9193 9194 9195 9196 9197 9198 9199 9200 9861 9862 9863 9864 9865 9866 9867 9868 9869 9870 27291 27292 27293 27294 27295 27296 27297 27298 27299 27300 29421 29422 29423 29424 29425 29426 29427 29428 29429 29430 32491 32492 32493 32494 32495 32496 32497 32498 32499 32500 33221 33222 33223 33224 33225 33226 33227 33228 33229 33230 41181 41182 41183 41184 41185 41186 41187 41188 41189 41190 44701 44702 44703 44704 44705 44706 44707 44708 44709 44710 47381 47382 47383 47384 47385 47386 47387 47388 47389 47390 49151 49152 49153 49154 49155 49156 49157 49158 49159 49160 50431 50432 50433 50434 50435 50436 50437 50438 50439 50440 51241 51242 51243 51244 51245 51246 51247 51248 51249 51250 53801 53802 53803 53804 53805 53806 53807 53808 53809 53810 56431 56432 56433 56434 56435 56436 56437 56438 56439 56440 57271 57272 57273 57274 57275 57276 57277 57278 57279 57280 61371 61372 61373 61374 61375 61376 61377 61378 61379 61380 
47
2 3 4 5 6 7 8 9 10 11 12 13 14 15 16 17 18 19 20 21 22 23 24 25 26 27 28 29 30 31 32 33 34 35 36 37 38 39 40 41 42 43 44 45 46 47 48 49 50 51 52 53 54 55 56 57 58 59 60 61 62 63 64 65 66 67 68 69 70 71 72 73 74 75 76 77 78 79 80 81 82 83 84 85 86 87 88 89 90 91 92 93 94 95 96 97 98 99 100 101 102 103 104 105 106 107 108 109 110 111 112 113 114 115 116 117 118 119 120 121 122 123 124 125 126 127 128 129 130 131 132 133 134 135 136 137 138 139 140 141 142 143 144 145 146 147 148 149 150 151 152 153 154 155 156 157 158 159 160 
24 88 250 90 239 95 115 112 79 123 9 121 247 113 125 81 239 159 234 217 62 6 145 55 4 62 45 202 155 174 180 173 20 126 66 174 143 71 125 154 27 71 166 43 174 80 41 59 110 69 107 100 216 154 230 193 183 144 173 163 58 249 177 159 143 166 91 117 163 56 187 95 120 210 241 160 199 201 164 23 107 182 22 49 32 249 88 62 58 126 25 41 25 175 182 100 122 222 62 71 186 100 130 97 87 237 105 183 39 198 163 134 118 153 143 23 109 251 230 232 156 69 122 208 135 178 232 155 49 154 185 225 127 113 74 247 231 241 221 19 157 120 164 200 122 161 41 94 159 46 130 161 56 83 31 43 182 155 142 120 
751 752 753 754 755 756 757 758 759 760 2431 2432 2433 2434 2435 2436 2437 2438 2439 2440 4361 4362 4363 4364 4365 4366 4367 4368 4369 4370 10191 10192 10193 10194 10195 10196 10197 10198 10199 10200 10571 10572 10573 10574 10575 10576 10577 10578 10579 10580 17221 17222 17223 17224 17225 17226 17227 17228 17229 17230 22361 22362 22363 22364 22365 22366 22367 22368 22369 22370 22391 22392 22393 22394 22395 22396 22397 22398 22399 22400 29301 29302 29303 29304 29305 29306 29307 29308 29309 29310 34321 34322 34323 34324 34325 34326 34327 34328 34329 34330 34641 34642 34643 34644 34645 34646 34647 34648 34649 34650 34801 34802 34803 34804 34805 34806 34807 34808 34809 34810 44971 44972 44973 44974 44975 44976 44977 44978 44979 44980 47421 47422 47423 47424 47425 47426 47427 47428 47429 47430 49311 49312 49313 49314 49315 49316 49317 49318 49319 49320 51591 51592 51593 51594 51595 51596 51597 51598 51599 51600 
230
2 3 4 5 6 7 8 9 10 11 12 13 14 15 16 17 18 19 20 21 22 23 24 25 26 27 28 29 30 31 32 33 34 35 36 37 38 39 40 41 42 43 44 45 46 47 48 49 50 51 52 53 54 55 56 57 58 59 60 61 62 63 64 65 66 67 68 69 70 71 72 73 74 75 76 77 78 79 80 81 82 83 84 85 86 87 88 89 90 91 92 93 94 95 96 97 98 99 100 101 102 103 104 105 106 107 108 109 110 111 112 113 114 115 116 117 118 119 120 121 122 123 124 125 126 127 128 129 130 131 132 133 134 135 136 137 138 139 140 141 142 143 144 145 146 147 148 149 150 151 152 153 154 155 156 157 158 159 160 
127 100 152 78 45 159 38 36 182 206 130 44 157 77 187 105 56 109 196 237 190 250 175 141 135 145 27 183 215 166 212 8 234 101 183 175 154 102 66 124 88 187 213 126 248 221 123 125 200 30 215 99 167 77 187 186 97 99 159 61 183 113 78 27 226 54 38 25 187 219 24 74 246 166 58 164 239 125 49 30 238 202 11 187 141 113 102 94 224 113 185 126 84 162 50 222 210 24 247 154 167 196 242 142 53 90 74 230 121 111 209 187 16 159 251 68 251 224 215 123 27 119 113 173 155 35 94 130 103 166 190 222 59 180 159 73 80 112 242 39 164 26 114 251 167 183 219 167 225 100 202 237 84 137 248 135 18 114 111 126 
1621 1622 1623 1624 1625 1626 1627 1628 1629 1630 2791 2792 2793 2794 2795 2796 2797 2798 2799 2800 6521 6522 6523 6524 6525 6526 6527 6528 6529 6530 10051 10052 10053 10054 10055 10056 10057 10058 10059 10060 12571 12572 12573 12574 12575 12576 12577 12578 12579 12580 15571 15572 15573 15574 15575 15576 15577 15578 15579 15580 15841 15842 15843 15844 15845 15846 15847 15848 15849 15850 17081 17082 17083 17084 17085 17086 17087 17088 17089 17090 22131 22132 22133 22134 22135 22136 22137 22138 22139 22140 23211 23212 23213 23214 23215 23216 23217 23218 23219 23220 26441 26442 26443 26444 26445 26446 26447 26448 26449 26450 30391 30392 30393 30394 30395 30396 30397 30398 30399 30400 38551 38552 38553 38554 38555 38556 38557 38558 38559 38560 44351 44352 44353 44354 44355 44356 44357 44358 44359 44360 48761 48762 48763 48764 48765 48766 48767 48768 48769 48770 58861 58862 58863 58864 58865 58866 58867 58868 58869 58870 
205
2 3 4 5 6 7 8 9 10 11 12 13 14 15 16 17 18 19 20 21 22 23 24 25 26 27 28 29 30 31 32 33 34 35 36 37 38 39 40 41 42 43 44 45 46 47 48 49 50 51 52 53 54 55 56 57 58 59 60 61 62 63 64 65 66 67 68 69 70 71 72 73 74 75 76 77 78 79 80 81 82 83 84 85 86 87 88 89 90 91 92 93 94 95 96 97 98 99 100 101 102 103 104 105 106 107 108 109 110 111 112 113 114 115 116 117 118 119 120 121 122 123 124 125 126 127 128 129 130 131 132 133 134 135 136 137 138 139 140 141 142 143 144 145 146 147 148 149 150 151 152 153 154 155 156 157 158 159 160 
109 233 41 147 102 123 214 182 247 128 77 188 129 247 157 153 89 178 57 166 134 144 125 223 186 211 157 167 130 117 139 190 77 145 107 65 166 165 83 162 246 110 123 228 21 128 121 7 237 247 18 118 62 65 158 218 197 122 237 214 199 35 10 70 235 105 181 133 202 39 236 147 93 174 105 173 91 166 125 194 129 31 178 174 209 238 62 47 96 45 17 228 155 143 161 126 182 140 105 48 183 79 24 120 237 162 202 222 153 145 163 214 109 231 120 230 221 11 26 120 74 6 223 190 14 113 215 101 135 175 160 183 121 135 10 18 74 96 138 236 185 153 62 231 134 247 105 150 65 90 177 64 133 126 49 239 154 166 87 122 
1791 1792 1793 1794 1795 1796 1797 1798 1799 1800 2521 2522 2523 2524 2525 2526 2527 2528 2529 2530 6811 6812 6813 6814 6815 6816 6817 6818 6819 6820 10101 10102 10103 10104 10105 10106 10107 10108 10109 10110 10911 10912 10913 10914 10915 10916 10917 10918 10919 10920 13611 13612 13613 13614 13615 13616 13617 13618 13619 13620 13751 13752 13753 13754 13755 13756 13757 13758 13759 13760 15011 15012 15013 15014 15015 15016 15017 15018 15019 15020 17091 17092 17093 17094 17095 17096 17097 17098 17099 17100 19771 19772 19773 19774 19775 19776 19777 19778 19779 19780 39981 39982 39983 39984 39985 39986 39987 39988 39989 39990 45191 45192 45193 45194 45195 45196 45197 45198 45199 45200 46191 46192 46193 46194 46195 46196 46197 46198 46199 46200 47011 47012 47013 47014 47015 47016 47017 47018 47019 47020 51771 51772 51773 51774 51775 51776 51777 51778 51779 51780 54511 54512 54513 54514 54515 54516 54517 54518 54519 54520 
151
2 3 4 5 6 7 8 9 10 11 12 13 14 15 16 17 18 19 20 21 22 23 24 25 26 27 28 29 30 31 32 33 34 35 36 37 38 39 40 41 42 43 44 45 46 47 48 49 50 51 52 53 54 55 56 57 58 59 60 61 62 63 64 65 66 67 68 69 70 71 72 73 74 75 76 77 78 79 80 81 82 83 84 85 86 87 88 89 90 91 92 93 94 95 96 97 98 99 100 101 102 103 104 105 106 107 108 109 110 111 112 113 114 115 116 117 118 119 120 121 122 123 124 125 126 127 128 129 130 131 132 133 134 135 136 137 138 139 140 141 142 143 144 145 146 147 148 149 150 151 152 153 154 155 156 157 158 159 160 
245 214 30 209 251 137 236 72 101 185 230 254 23 158 251 125 162 116 118 194 247 111 174 116 132 114 213 45 41 169 230 251 40 96 133 214 124 187 232 100 116 7 160 88 167 186 235 133 55 98 190 152 31 199 86 215 198 122 110 213 201 158 200 154 199 162 26 201 67 31 9 78 57 1 242 111 175 190 249 22 39 76 89 155 144 187 134 75 38 203 11 183 136 47 1 182 212 184 114 157 54 100 150 59 19 157 237 251 38 105 152 196 217 188 132 247 75 166 232 130 90 154 110 120 235 131 96 157 118 101 9 231 14 222 231 19 35 38 89 191 233 239 38 181 231 46 152 80 156 98 242 226 11 97 61 35 187 135 157 123 
5911 5912 5913 5914 5915 5916 5917 5918 5919 5920 6071 6072 6073 6074 6075 6076 6077 6078 6079 6080 23741 23742 23743 23744 23745 23746 23747 23748 23749 23750 25271 25272 25273 25274 25275 25276 25277 25278 25279 25280 26161 26162 26163 26164 26165 26166 26167 26168 26169 26170 33801 33802 33803 33804 33805 33806 33807 33808 33809 33810 37391 37392 37393 37394 37395 37396 37397 37398 37399 37400 38021 38022 38023 38024 38025 38026 38027 38028 38029 38030 43401 43402 43403 43404 43405 43406 43407 43408 43409 43410 43871 43872 43873 43874 43875 43876 43877 43878 43879 43880 44481 44482 44483 44484 44485 44486 44487 44488 44489 44490 45911 45912 45913 45914 45915 45916 45917 45918 45919 45920 46921 46922 46923 46924 46925 46926 46927 46928 46929 46930 54051 54052 54053 54054 54055 54056 54057 54058 54059 54060 59931 59932 59933 59934 59935 59936 59937 59938 59939 59940 62081 62082 62083 62084 62085 62086 62087 62088 62089 62090 
128
2 3 4 5 6 7 8 9 10 11 12 13 14 15 16 17 18 19 20 21 22 23 24 25 26 27 28 29 30 31 32 33 34 35 36 37 38 39 40 41 42 43 44 45 46 47 48 49 50 51 52 53 54 55 56 57 58 59 60 61 62 63 64 65 66 67 68 69 70 71 72 73 74 75 76 77 78 79 80 81 82 83 84 85 86 87 88 89 90 91 92 93 94 95 96 97 98 99 100 101 102 103 104 105 106 107 108 109 110 111 112 113 114 115 116 117 118 119 120 121 122 123 124 125 126 127 128 129 130 131 132 133 134 135 136 137 138 139 140 141 142 143 144 145 146 147 148 149 150 151 152 153 154 155 156 157 158 159 160 
199 183 181 111 46 210 52 161 231 183 145 6 147 28 230 249 163 94 166 163 248 46 184 73 18 220 177 102 221 225 46 67 160 159 167 26 230 242 130 53 4 231 124 184 45 244 187 135 102 109 58 116 137 163 118 159 140 142 250 44 158 222 61 159 155 26 129 10 198 55 120 68 78 113 247 237 175 157 88 155 6 230 218 68 120 245 149 217 186 218 26 182 130 23 225 247 38 245 174 120 121 233 233 145 110 217 173 113 26 86 183 187 95 228 20 214 241 247 105 76 120 62 134 223 182 127 141 135 200 211 144 201 251 177 155 86 202 103 247 120 230 88 249 114 40 95 175 183 246 250 155 87 175 175 97 181 222 123 155 19 
2051 2052 2053 2054 2055 2056 2057 2058 2059 2060 5231 5232 5233 5234 5235 5236 5237 5238 5239 5240 6941 6942 6943 6944 6945 6946 6947 6948 6949 6950 9071 9072 9073 9074 9075 9076 9077 9078 9079 9080 9581 9582 9583 9584 9585 9586 9587 9588 9589 9590 12441 12442 12443 12444 12445 12446 12447 12448 12449 12450 13401 13402 13403 13404 13405 13406 13407 13408 13409 13410 13901 13902 13903 13904 13905 13906 13907 13908 13909 13910 18521 18522 18523 18524 18525 18526 18527 18528 18529 18530 32241 32242 32243 32244 32245 32246 32247 32248 32249 32250 32761 32762 32763 32764 32765 32766 32767 32768 32769 32770 33421 33422 33423 33424 33425 33426 33427 33428 33429 33430 48561 48562 48563 48564 48565 48566 48567 48568 48569 48570 51191 51192 51193 51194 51195 51196 51197 51198 51199 51200 55891 55892 55893 55894 55895 55896 55897 55898 55899 55900 62111 62112 62113 62114 62115 62116 62117 62118 62119 62120 
4
2 3 4 5 6 7 8 9 10 11 12 13 14 15 16 17 18 19 20 21 22 23 24 25 26 27 28 29 30 31 32 33 34 35 36 37 38 39 40 41 42 43 44 45 46 47 48 49 50 51 52 53 54 55 56 57 58 59 60 61 62 63 64 65 66 67 68 69 70 71 72 73 74 75 76 77 78 79 80 81 82 83 84 85 86 87 88 89 90 91 92 93 94 95 96 97 98 99 100 101 102 103 104 105 106 107 108 109 110 111 112 113 114 115 116 117 118 119 120 121 122 123 124 125 126 127 128 129 130 131 132 133 134 135 136 137 138 139 140 141 142 143 144 145 146 147 148 149 150 151 152 153 154 155 156 157 158 159 160 
220 186 1 158 90 107 91 29 181 154 203 57 35 167 33 223 118 32 184 145 154 182 193 111 129 249 27 27 41 212 100 203 74 186 222 97 129 39 235 96 127 183 36 74 143 124 19 144 120 155 199 173 194 186 220 75 27 189 45 161 146 203 126 222 70 217 177 39 24 178 154 125 87 219 116 230 251 29 30 55 159 233 242 61 1 123 116 119 119 241 237 182 98 108 224 98 86 217 107 176 144 214 31 49 221 239 163 30 2 110 167 177 36 105 46 186 222 47 158 227 124 182 38 8 114 227 173 38 182 83 59 121 241 155 161 177 101 126 50 97 77 54 43 98 61 107 188 96 124 150 2 50 240 43 158 35 142 23 183 125 
4861 4862 4863 4864 4865 4866 4867 4868 4869 4870 5661 5662 5663 5664 5665 5666 5667 5668 5669 5670 10951 10952 10953 10954 10955 10956 10957 10958 10959 10960 22731 22732 22733 22734 22735 22736 22737 22738 22739 22740 30821 30822 30823 30824 30825 30826 30827 30828 30829 30830 32751 32752 32753 32754 32755 32756 32757 32758 32759 32760 33141 33142 33143 33144 33145 33146 33147 33148 33149 33150 33871 33872 33873 33874 33875 33876 33877 33878 33879 33880 35691 35692 35693 35694 35695 35696 35697 35698 35699 35700 43301 43302 43303 43304 43305 43306 43307 43308 43309 43310 45021 45022 45023 45024 45025 45026 45027 45028 45029 45030 46371 46372 46373 46374 46375 46376 46377 46378 46379 46380 55251 55252 55253 55254 55255 55256 55257 55258 55259 55260 58841 58842 58843 58844 58845 58846 58847 58848 58849 58850 60651 60652 60653 60654 60655 60656 60657 60658 60659 60660 62641 62642 62643 62644 62645 62646 62647 62648 62649 62650 
105
2 3 4 5 6 7 8 9 10 11 12 13 14 15 16 17 18 19 20 21 22 23 24 25 26 27 28 29 30 31 32 33 34 35 36 37 38 39 40 41 42 43 44 45 46 47 48 49 50 51 52 53 54 55 56 57 58 59 60 61 62 63 64 65 66 67 68 69 70 71 72 73 74 75 76 77 78 79 80 81 82 83 84 85 86 87 88 89 90 91 92 93 94 95 96 97 98 99 100 101 102 103 104 105 106 107 108 109 110 111 112 113 114 115 116 117 118 119 120 121 122 123 124 125 126 127 128 129 130 131 132 133 134 135 136 137 138 139 140 141 142 143 144 145 146 147 148 149 150 151 152 153 154 155 156 157 158 159 160 
38 142 77 187 175 186 68 213 80 121 112 122 238 72 183 93 126 94 206 126 194 203 74 96 244 34 220 186 119 167 47 88 225 215 198 88 230 166 97 242 56 236 117 99 177 245 214 158 161 222 183 189 193 73 24 79 108 175 180 180 217 211 163 102 103 110 58 161 218 92 182 40 93 46 79 124 143 126 209 23 95 167 138 102 115 98 114 61 7 108 198 73 95 181 135 111 19 47 34 248 108 116 108 120 62 214 55 26 223 238 253 123 155 126 34 237 244 178 224 134 105 212 120 177 238 157 30 72 107 173 10 181 155 29 186 153 211 27 77 237 134 77 89 46 174 103 74 105 141 211 26 109 53 66 111 158 184 211 107 181 
6941 6942 6943 6944 6945 6946 6947 6948 6949 6950 10861 10862 10863 10864 10865 10866 10867 10868 10869 10870 19291 19292 19293 19294 19295 19296 19297 19298 19299 19300 26591 26592 26593 26594 26595 26596 26597 26598 26599 26600 32961 32962 32963 32964 32965 32966 32967 32968 32969 32970 34561 34562 34563 34564 34565 34566 34567 34568 34569 34570 37371 37372 37373 37374 37375 37376 37377 37378 37379 37380 37591 37592 37593 37594 37595 37596 37597 37598 37599 37600 49661 49662 49663 49664 49665 49666 49667 49668 49669 49670 52711 52712 52713 52714 52715 52716 52717 52718 52719 52720 54601 54602 54603 54604 54605 54606 54607 54608 54609 54610 56321 56322 56323 56324 56325 56326 56327 56328 56329 56330 58651 58652 58653 58654 58655 58656 58657 58658 58659 58660 60471 60472 60473 60474 60475 60476 60477 60478 60479 60480 60921 60922 60923 60924 60925 60926 60927 60928 60929 60930 63001 63002 63003 63004 63005 63006 63007 63008 63009 63010 
0 0 0 0 0 0 0 0 0 0 0 0 0 0 0 0 0 0 0 0 0 0 0 0 0 0 0 0 0 0 0 0 0 0 0 0 0 0 0 0 0 0 0 0 0 0 0 0 0 0 0 0 0 0 0 0 0 0 0 0 0 0 0 0 0 0 0 0 0 0 0 0 0 0 0 0 0 0 0 0 78 212 126 214 123 145 31 155 142 160 0 0 0 0 0 0 0 0 0 0 0 0 0 0 0 0 0 0 0 0 0 0 0 0 0 0 0 0 0 0 0 0 0 0 0 0 0 0 0 0 0 0 0 0 0 0 0 0 0 0 0 0 0 0 0 0 0 0 0 0 0 0 0 0 0 0 0 0 0 0 
1 2 3 4 5 6 7 8 9 10 11 12 13 14 15 16 17 18 19 20 21 22 23 24 25 26 27 28 29 30 31 32 33 34 35 36 37 38 39 40 41 42 43 44 45 46 47 48 49 50 51 52 53 54 55 56 57 58 59 60 61 62 63 64 65 66 67 68 69 70 71 72 73 74 75 76 77 78 79 80 91 92 93 94 95 96 97 98 99 100 101 102 103 104 105 106 107 108 109 110 111 112 113 114 115 116 117 118 119 120 121 122 123 124 125 126 127 128 129 130 131 132 133 134 135 136 137 138 139 140 141 142 143 144 145 146 147 148 149 150 151 152 153 154 155 156 157 158 159 160 
50 130 126 140 153 118 240 129 178 41 227 181 9 159 52 146 117 251 132 162 6 248 200 31 7 239 44 163 55 166 235 136 6 185 83 101 186 38 196 123 110 239 144 251 38 215 58 124 107 135 15 98 203 145 90 190 160 101 175 174 178 67 46 214 99 160 178 219 48 89 186 246 123 125 132 181 183 82 248 145 177 53 143 135 111 160 201 198 152 141 165 182 174 31 74 153 94 62 103 188 155 94 11 95 228 68 224 190 25 230 181 209 223 180 131 25 114 183 234 74 41 187 54 158 99 189 33 102 239 87 54 87 88 173 184 231 72 40 91 188 254 70 83 180 182 236 231 214 102 155 
4881 4882 4883 4884 4885 4886 4887 4888 4889 4890 7241 7242 7243 7244 7245 7246 7247 7248 7249 7250 13891 13892 13893 13894 13895 13896 13897 13898 13899 13900 20111 20112 20113 20114 20115 20116 20117 20118 20119 20120 21891 21892 21893 21894 21895 21896 21897 21898 21899 21900 27121 27122 27123 27124 27125 27126 27127 27128 27129 27130 30911 30912 30913 30914 30915 30916 30917 30918 30919 30920 31551 31552 31553 31554 31555 31556 31557 31558 31559 31560 32921 32922 32923 32924 32925 32926 32927 32928 32929 32930 35551 35552 35553 35554 35555 35556 35557 35558 35559 35560 40161 40162 40163 40164 40165 40166 40167 40168 40169 40170 42161 42162 42163 42164 42165 42166 42167 42168 42169 42170 45841 45842 45843 45844 45845 45846 45847 45848 45849 45850 50011 50012 50013 50014 50015 50016 50017 50018 50019 50020 54811 54812 54813 54814 54815 54816 54817 54818 54819 54820 
107
2 3 4 5 6 7 8 9 10 11 12 13 14 15 16 17 18 19 20 21 22 23 24 25 26 27 28 29 30 31 32 33 34 35 36 37 38 39 40 41 42 43 44 45 46 47 48 49 50 51 52 53 54 55 56 57 58 59 60 61 62 63 64 65 66 67 68 69 70 71 72 73 74 75 76 77 78 79 80 81 82 83 84 85 86 87 88 89 90 91 92 93 94 95 96 97 98 99 100 101 102 103 104 105 106 107 108 109 110 111 112 113 114 115 116 117 118 119 120 121 122 123 124 125 126 127 128 129 130 131 132 133 134 135 136 137 138 139 140 141 142 143 144 145 146 147 148 149 150 151 152 153 154 155 156 157 158 159 160 
99 146 241 108 218 186 6 29 74 11 66 62 152 173 239 153 98 20 244 135 182 152 38 122 34 123 38 29 7 142 237 109 6 111 78 239 40 65 242 48 222 53 223 165 147 105 143 116 237 27 253 203 18 36 183 122 242 113 184 78 223 167 93 90 68 251 145 249 124 160 247 125 236 68 152 18 239 13 118 238 242 159 235 86 113 62 120 137 224 78 247 52 222 163 43 99 115 155 94 70 26 167 105 62 8 134 118 147 32 185 108 113 107 113 107 73 46 44 246 225 117 156 24 230 111 188 24 194 218 123 114 167 39 200 242 158 92 155 76 102 159 49 150 251 77 110 174 68 219 121 184 24 231 214 228 97 187 111 157 39 
1551 1552 1553 1554 1555 1556 1557 1558 1559 1560 3701 3702 3703 3704 3705 3706 3707 3708 3709 3710 3791 3792 3793 3794 3795 3796 3797 3798 3799 3800 5661 5662 5663 5664 5665 5666 5667 5668 5669 5670 6691 6692 6693 6694 6695 6696 6697 6698 6699 6700 8011 8012 8013 8014 8015 8016 8017 8018 8019 8020 22301 22302 22303 22304 22305 22306 22307 22308 22309 22310 26421 26422 26423 26424 26425 26426 26427 26428 26429 26430 27261 27262 27263 27264 27265 27266 27267 27268 27269 27270 31781 31782 31783 31784 31785 31786 31787 31788 31789 31790 33371 33372 33373 33374 33375 33376 33377 33378 33379 33380 33881 33882 33883 33884 33885 33886 33887 33888 33889 33890 34451 34452 34453 34454 34455 34456 34457 34458 34459 34460 38251 38252 38253 38254 38255 38256 38257 38258 38259 38260 48611 48612 48613 48614 48615 48616 48617 48618 48619 48620 58931 58932 58933 58934 58935 58936 58937 58938 58939 58940 
0 0 0 0 0 0 0 0 0 0 0 0 0 0 0 0 0 0 0 0 0 0 0 0 0 0 0 0 0 0 0 0 0 0 0 0 0 0 0 0 0 0 0 0 0 0 0 0 0 0 0 0 0 0 0 0 0 0 0 0 0 0 0 0 0 0 0 0 0 0 0 0 0 0 0 0 0 0 0 0 0 0 0 0 0 0 0 0 0 0 0 0 0 0 0 0 0 0 0 0 0 0 0 0 0 0 0 0 0 0 0 0 0 0 0 0 0 0 0 0 0 0 0 0 0 0 0 0 0 0 0 0 0 0 0 0 0 0 0 0 135 235 187 221 109 49 198 214 254 70 0 0 0 0 0 0 0 0 0 0 
1 2 3 4 5 6 7 8 9 10 11 12 13 14 15 16 17 18 19 20 21 22 23 24 25 26 27 28 29 30 31 32 33 34 35 36 37 38 39 40 41 42 43 44 45 46 47 48 49 50 51 52 53 54 55 56 57 58 59 60 61 62 63 64 65 66 67 68 69 70 71 72 73 74 75 76 77 78 79 80 81 82 83 84 85 86 87 88 89 90 91 92 93 94 95 96 97 98 99 100 101 102 103 104 105 106 107 108 109 110 111 112 113 114 115 116 117 118 119 120 121 122 123 124 125 126 127 128 129 130 131 132 133 134 135 136 137 138 139 140 151 152 153 154 155 156 157 158 159 160 
113 27 24 11 177 10 159 175 150 102 122 250 157 118 141 112 107 178 99 177 246 216 69 118 107 180 242 152 142 74 150 147 182 123 27 94 199 67 135 235 99 158 62 251 177 161 245 54 198 58 99 186 152 164 129 166 249 245 26 132 121 217 58 233 91 75 109 180 227 126 97 248 152 45 239 102 41 196 126 159 69 141 163 27 186 166 231 102 230 76 254 28 109 126 162 123 127 115 156 11 97 240 238 201 173 102 80 89 235 123 108 143 100 222 117 251 218 120 31 140 99 173 27 60 111 152 175 174 21 232 233 117 157 149 219 154 91 46 53 181 57 203 30 134 33 175 36 103 159 146 
4151 4152 4153 4154 4155 4156 4157 4158 4159 4160 5611 5612 5613 5614 5615 5616 5617 5618 5619 5620 14451 14452 14453 14454 14455 14456 14457 14458 14459 14460 17211 17212 17213 17214 17215 17216 17217 17218 17219 17220 24981 24982 24983 24984 24985 24986 24987 24988 24989 24990 48201 48202 48203 48204 48205 48206 48207 48208 48209 48210 50531 50532 50533 50534 50535 50536 50537 50538 50539 50540 52171 52172 52173 52174 52175 52176 52177 52178 52179 52180 53721 53722 53723 53724 53725 53726 53727 53728 53729 53730 57181 57182 57183 57184 57185 57186 57187 57188 57189 57190 57461 57462 57463 57464 57465 57466 57467 57468 57469 57470 58661 58662 58663 58664 58665 58666 58667 58668 58669 58670 59691 59692 59693 59694 59695 59696 59697 59698 59699 59700 62051 62052 62053 62054 62055 62056 62057 62058 62059 62060 62161 62162 62163 62164 62165 62166 62167 62168 62169 62170 
